340.36	0.00
340.73	-1.00
341.11	1.00
341.48	-1.00
341.85	-3.00
342.22	-5.00
342.59	7.00
342.96	4.00
343.34	2.00
343.71	5.00
344.08	3.00
344.45	-1.00
344.82	-2.00
345.20	1.00
345.57	-2.00
345.94	6.00
346.31	-3.00
346.68	-1.00
347.05	-1.00
347.42	-1.00
347.80	-6.00
348.17	7.00
348.54	3.00
348.91	-1.00
349.28	9.00
349.65	24.00
350.02	21.00
350.40	17.00
350.77	19.00
351.14	31.00
351.51	23.00
351.88	21.00
352.25	19.00
352.62	15.00
352.99	24.00
353.37	29.00
353.74	28.00
354.11	24.00
354.48	24.00
354.85	18.00
355.22	26.00
355.59	28.00
355.96	28.00
356.33	26.00
356.70	29.00
357.07	28.00
357.44	25.00
357.82	23.00
358.19	22.00
358.56	24.00
358.93	21.00
359.30	20.00
359.67	25.00
360.04	25.00
360.41	27.00
360.78	27.00
361.15	23.00
361.52	22.00
361.89	26.00
362.26	28.00
362.63	41.00
363.00	25.00
363.37	44.00
363.74	27.00
364.11	35.00
364.48	34.00
364.85	43.00
365.22	45.00
365.59	46.00
365.96	38.00
366.33	36.00
366.70	43.00
367.07	36.00
367.44	42.00
367.81	42.00
368.18	36.00
368.55	52.00
368.92	52.00
369.29	40.00
369.66	48.00
370.03	54.00
370.40	53.00
370.77	50.00
371.14	51.00
371.51	52.00
371.88	52.00
372.25	51.00
372.62	57.00
372.99	63.00
373.36	65.00
373.73	69.00
374.10	70.00
374.47	65.00
374.84	68.00
375.21	75.00
375.58	71.00
375.95	66.00
376.32	71.00
376.69	71.00
377.05	86.00
377.42	77.00
377.79	86.00
378.16	74.00
378.53	85.00
378.90	93.00
379.27	91.00
379.64	99.00
380.01	110.00
380.38	83.00
380.75	100.00
381.11	106.00
381.48	97.00
381.85	95.00
382.22	107.00
382.59	101.00
382.96	108.00
383.33	128.00
383.70	118.00
384.06	126.00
384.43	132.00
384.80	139.00
385.17	128.00
385.54	143.00
385.91	138.00
386.28	140.00
386.64	149.00
387.01	152.00
387.38	152.00
387.75	143.00
388.12	151.00
388.49	143.00
388.85	147.00
389.22	164.00
389.59	161.00
389.96	161.00
390.33	166.00
390.70	164.00
391.06	167.00
391.43	180.00
391.80	180.00
392.17	171.00
392.54	178.00
392.90	191.00
393.27	194.00
393.64	189.00
394.01	196.00
394.38	206.00
394.74	198.00
395.11	202.00
395.48	207.00
395.85	207.00
396.21	215.00
396.58	208.00
396.95	213.00
397.32	233.00
397.69	226.00
398.05	220.00
398.42	233.00
398.79	229.00
399.16	239.00
399.52	249.00
399.89	264.00
400.26	266.00
400.62	251.00
400.99	245.00
401.36	256.00
401.73	279.00
402.09	294.00
402.46	283.00
402.83	295.00
403.20	292.00
403.56	302.00
403.93	298.00
404.30	312.00
404.66	312.00
405.03	304.00
405.40	307.00
405.76	299.00
406.13	330.00
406.50	310.00
406.86	315.00
407.23	349.00
407.60	348.00
407.97	326.00
408.33	335.00
408.70	327.00
409.07	355.00
409.43	355.00
409.80	351.00
410.17	344.00
410.53	366.00
410.90	372.00
411.26	373.00
411.63	375.00
412.00	352.00
412.36	376.00
412.73	390.00
413.10	370.00
413.46	380.00
413.83	392.00
414.20	391.00
414.56	402.00
414.93	364.00
415.29	392.00
415.66	407.00
416.03	403.00
416.39	414.00
416.76	409.00
417.12	408.00
417.49	431.00
417.86	434.00
418.22	441.00
418.59	493.00
418.95	446.00
419.32	474.00
419.68	469.00
420.05	503.00
420.42	464.00
420.78	479.00
421.15	490.00
421.51	541.00
421.88	528.00
422.24	521.00
422.61	551.00
422.97	568.00
423.34	589.00
423.71	589.00
424.07	589.00
424.44	577.00
424.80	627.00
425.17	610.00
425.53	602.00
425.90	595.00
426.26	657.00
426.63	624.00
426.99	622.00
427.36	638.00
427.72	674.00
428.09	639.00
428.45	682.00
428.82	613.00
429.18	634.00
429.55	667.00
429.91	659.00
430.28	660.00
430.64	694.00
431.01	734.00
431.37	687.00
431.74	681.00
432.10	701.00
432.47	761.00
432.83	719.00
433.19	735.00
433.56	810.00
433.92	732.00
434.29	723.00
434.65	743.00
435.02	703.00
435.38	781.00
435.75	782.00
436.11	818.00
436.47	771.00
436.84	761.00
437.20	801.00
437.57	841.00
437.93	828.00
438.30	779.00
438.66	814.00
439.02	809.00
439.39	822.00
439.75	841.00
440.12	875.00
440.48	826.00
440.84	824.00
441.21	892.00
441.57	862.00
441.94	887.00
442.30	873.00
442.66	935.00
443.03	945.00
443.39	969.00
443.75	1024.00
444.12	1007.00
444.48	1024.00
444.84	1045.00
445.21	1003.00
445.57	998.00
445.93	1036.00
446.30	1013.00
446.66	1105.00
447.02	1077.00
447.39	1110.00
447.75	1054.00
448.11	1097.00
448.48	1050.00
448.84	1157.00
449.20	1153.00
449.57	1060.00
449.93	1124.00
450.29	1154.00
450.66	1141.00
451.02	1169.00
451.38	1169.00
451.75	1186.00
452.11	1164.00
452.47	1064.00
452.83	1206.00
453.20	1266.00
453.56	1239.00
453.92	1297.00
454.28	1250.00
454.65	1289.00
455.01	1234.00
455.37	1158.00
455.74	1356.00
456.10	1267.00
456.46	1251.00
456.82	1310.00
457.19	1224.00
457.55	1255.00
457.91	1166.00
458.27	1337.00
458.63	1304.00
459.00	1336.00
459.36	1359.00
459.72	1301.00
460.08	1293.00
460.45	1278.00
460.81	1346.00
461.17	1262.00
461.53	1304.00
461.89	1360.00
462.26	1297.00
462.62	1320.00
462.98	1412.00
463.34	1369.00
463.70	1397.00
464.06	1455.00
464.43	1437.00
464.79	1415.00
465.15	1391.00
465.51	1303.00
465.87	1351.00
466.23	1473.00
466.60	1508.00
466.96	1519.00
467.32	1538.00
467.68	1615.00
468.04	1537.00
468.40	1562.00
468.77	1578.00
469.13	1630.00
469.49	1535.00
469.85	1602.00
470.21	1699.00
470.57	1530.00
470.93	1671.00
471.29	1761.00
471.65	1702.00
472.02	1615.00
472.38	1696.00
472.74	1794.00
473.10	1841.00
473.46	1862.00
473.82	1847.00
474.18	1974.00
474.54	1834.00
474.90	1819.00
475.26	1965.00
475.62	1992.00
475.98	1940.00
476.35	1782.00
476.71	1866.00
477.07	2019.00
477.43	2036.00
477.79	2054.00
478.15	2124.00
478.51	2059.00
478.87	2086.00
479.23	2139.00
479.59	2156.00
479.95	2169.00
480.31	2139.00
480.67	2144.00
481.03	2255.00
481.39	2209.00
481.75	2244.00
482.11	2337.00
482.47	2333.00
482.83	2173.00
483.19	2114.00
483.55	2235.00
483.91	2238.00
484.27	2165.00
484.63	2272.00
484.99	2209.00
485.35	2248.00
485.71	2287.00
486.07	2301.00
486.43	2307.00
486.79	2227.00
487.15	2313.00
487.51	2341.00
487.87	2327.00
488.23	2330.00
488.59	2200.00
488.95	2188.00
489.31	2297.00
489.66	2425.00
490.02	2416.00
490.38	2384.00
490.74	2277.00
491.10	2342.00
491.46	2321.00
491.82	2346.00
492.18	2428.00
492.54	2356.00
492.90	2347.00
493.26	2457.00
493.61	2392.00
493.97	2465.00
494.33	2436.00
494.69	2350.00
495.05	2421.00
495.41	2456.00
495.77	2419.00
496.13	2427.00
496.49	2332.00
496.84	2486.00
497.20	2500.00
497.56	2543.00
497.92	2526.00
498.28	2536.00
498.64	2588.00
499.00	2589.00
499.35	2635.00
499.71	2574.00
500.07	2594.00
500.43	2631.00
500.79	2750.00
501.14	2689.00
501.50	2589.00
501.86	2631.00
502.22	2706.00
502.58	2707.00
502.94	2731.00
503.29	2669.00
503.65	2768.00
504.01	2778.00
504.37	2729.00
504.73	2786.00
505.08	2846.00
505.44	2893.00
505.80	2889.00
506.16	2961.00
506.51	2936.00
506.87	2896.00
507.23	2943.00
507.59	2904.00
507.94	2991.00
508.30	2933.00
508.66	2921.00
509.02	3002.00
509.37	3049.00
509.73	3187.00
510.09	3190.00
510.45	3224.00
510.80	3138.00
511.16	3160.00
511.52	3239.00
511.87	3178.00
512.23	3234.00
512.59	3258.00
512.95	3148.00
513.30	3092.00
513.66	3118.00
514.02	3154.00
514.37	3230.00
514.73	3128.00
515.09	3120.00
515.44	3144.00
515.80	3118.00
516.16	3078.00
516.51	3268.00
516.87	3201.00
517.23	3193.00
517.58	3122.00
517.94	3104.00
518.30	3189.00
518.65	3190.00
519.01	2970.00
519.37	3043.00
519.72	3176.00
520.08	3120.00
520.43	3120.00
520.79	3082.00
521.15	3058.00
521.50	3050.00
521.86	3065.00
522.22	3042.00
522.57	2906.00
522.93	2984.00
523.28	3029.00
523.64	3041.00
524.00	3148.00
524.35	2952.00
524.71	3015.00
525.06	3218.00
525.42	3191.00
525.77	3232.00
526.13	3093.00
526.49	2861.00
526.84	3021.00
527.20	3186.00
527.55	3114.00
527.91	3030.00
528.26	2803.00
528.62	2964.00
528.97	2861.00
529.33	2848.00
529.68	2901.00
530.04	2855.00
530.40	2927.00
530.75	3055.00
531.11	3025.00
531.46	3118.00
531.82	3038.00
532.17	2989.00
532.53	2998.00
532.88	2912.00
533.24	2973.00
533.59	2973.00
533.95	2970.00
534.30	2822.00
534.65	2830.00
535.01	2929.00
535.36	2948.00
535.72	3027.00
536.07	2911.00
536.43	3035.00
536.78	3065.00
537.14	3108.00
537.49	3029.00
537.85	3133.00
538.20	3161.00
538.55	3233.00
538.91	3257.00
539.26	3129.00
539.62	3147.00
539.97	3154.00
540.33	3284.00
540.68	3312.00
541.03	3283.00
541.39	3202.00
541.74	3228.00
542.10	3369.00
542.45	3210.00
542.80	3313.00
543.16	3268.00
543.51	3309.00
543.87	3413.00
544.22	3437.00
544.57	3407.00
544.93	3461.00
545.28	3537.00
545.63	3584.00
545.99	3454.00
546.34	3495.00
546.69	3443.00
547.05	3475.00
547.40	3591.00
547.75	3410.00
548.11	3561.00
548.46	3712.00
548.81	3568.00
549.17	3558.00
549.52	3442.00
549.87	3389.00
550.23	3656.00
550.58	3536.00
550.93	3519.00
551.29	3385.00
551.64	3347.00
551.99	3562.00
552.35	3476.00
552.70	3540.00
553.05	3661.00
553.40	3552.00
553.76	3524.00
554.11	3614.00
554.46	3697.00
554.81	3738.00
555.17	3788.00
555.52	3683.00
555.87	3811.00
556.22	3583.00
556.58	3482.00
556.93	3617.00
557.28	3579.00
557.63	3749.00
557.99	3584.00
558.34	3688.00
558.69	3790.00
559.04	3736.00
559.39	3771.00
559.75	3790.00
560.10	3756.00
560.45	3569.00
560.80	3547.00
561.15	3617.00
561.51	3489.00
561.86	3437.00
562.21	3367.00
562.56	3460.00
562.91	3519.00
563.27	3469.00
563.62	3459.00
563.97	3588.00
564.32	3764.00
564.67	3560.00
565.02	3338.00
565.37	3382.00
565.73	3596.00
566.08	3727.00
566.43	3665.00
566.78	3700.00
567.13	3563.00
567.48	3612.00
567.83	3527.00
568.18	3433.00
568.54	3525.00
568.89	3327.00
569.24	3329.00
569.59	3438.00
569.94	3505.00
570.29	3453.00
570.64	3429.00
570.99	3458.00
571.34	3408.00
571.69	3415.00
572.04	3368.00
572.39	3596.00
572.75	3681.00
573.10	3576.00
573.45	3395.00
573.80	3531.00
574.15	3471.00
574.50	3362.00
574.85	3280.00
575.20	3227.00
575.55	3246.00
575.90	3165.00
576.25	3264.00
576.60	3341.00
576.95	3266.00
577.30	3251.00
577.65	3281.00
578.00	3365.00
578.35	3247.00
578.70	3203.00
579.05	3143.00
579.40	3432.00
579.75	3346.00
580.10	3203.00
580.45	3355.00
580.80	3422.00
581.15	3155.00
581.50	3218.00
581.85	3466.00
582.20	3334.00
582.55	3349.00
582.90	3314.00
583.25	3340.00
583.59	3489.00
583.94	3324.00
584.29	3346.00
584.64	3328.00
584.99	3365.00
585.34	3331.00
585.69	3501.00
586.04	3611.00
586.39	3443.00
586.74	3415.00
587.09	3341.00
587.43	3448.00
587.78	3466.00
588.13	3531.00
588.48	3677.00
588.83	3799.00
589.18	3710.00
589.53	3603.00
589.88	3534.00
590.22	3616.00
590.57	3494.00
590.92	3430.00
591.27	3415.00
591.62	3654.00
591.97	3746.00
592.32	3604.00
592.66	3478.00
593.01	3658.00
593.36	3782.00
593.71	3757.00
594.06	3814.00
594.40	3878.00
594.75	3831.00
595.10	3776.00
595.45	3780.00
595.80	3754.00
596.14	3836.00
596.49	3805.00
596.84	3874.00
597.19	3916.00
597.54	3872.00
597.88	3754.00
598.23	3715.00
598.58	3686.00
598.93	3747.00
599.27	3711.00
599.62	3739.00
599.97	3823.00
600.32	3836.00
600.66	3847.00
601.01	3813.00
601.36	3799.00
601.71	3757.00
602.05	3634.00
602.40	3669.00
602.75	3777.00
603.09	3862.00
603.44	3878.00
603.79	3857.00
604.14	3953.00
604.48	3953.00
604.83	3916.00
605.18	3763.00
605.52	3829.00
605.87	3745.00
606.22	3836.00
606.56	3916.00
606.91	3840.00
607.26	3849.00
607.60	3802.00
607.95	3802.00
608.30	3929.00
608.64	3934.00
608.99	3919.00
609.33	3839.00
609.68	3697.00
610.03	3525.00
610.37	3580.00
610.72	3642.00
611.07	3717.00
611.41	3777.00
611.76	3759.00
612.10	3829.00
612.45	3744.00
612.80	3530.00
613.14	3528.00
613.49	3646.00
613.83	3744.00
614.18	3504.00
614.52	3730.00
614.87	3881.00
615.22	3773.00
615.56	3690.00
615.91	3600.00
616.25	3581.00
616.60	3588.00
616.94	3364.00
617.29	3574.00
617.63	3642.00
617.98	3566.00
618.32	3548.00
618.67	3322.00
619.02	3410.00
619.36	3494.00
619.71	3524.00
620.05	3511.00
620.40	3594.00
620.74	3598.00
621.09	3596.00
621.43	3511.00
621.78	3447.00
622.12	3560.00
622.46	3621.00
622.81	3339.00
623.15	3488.00
623.50	3467.00
623.84	3442.00
624.19	3348.00
624.53	3469.00
624.88	3416.00
625.22	3358.00
625.57	3338.00
625.91	3307.00
626.25	3221.00
626.60	3137.00
626.94	3107.00
627.29	3200.00
627.63	3315.00
627.97	3366.00
628.32	3420.00
628.66	3301.00
629.01	3231.00
629.35	3149.00
629.69	3182.00
630.04	3275.00
630.38	3350.00
630.73	3387.00
631.07	3453.00
631.41	3494.00
631.76	3451.00
632.10	3472.00
632.44	3418.00
632.79	3290.00
633.13	3303.00
633.47	3239.00
633.82	3198.00
634.16	3302.00
634.50	3232.00
634.85	3209.00
635.19	3117.00
635.53	3321.00
635.88	3350.00
636.22	3226.00
636.56	3347.00
636.91	3301.00
637.25	3327.00
637.59	3472.00
637.93	3277.00
638.28	3155.00
638.62	3101.00
638.96	3129.00
639.30	3238.00
639.65	3177.00
639.99	3149.00
640.33	3234.00
640.67	3312.00
641.02	3249.00
641.36	3152.00
641.70	3136.00
642.04	3022.00
642.39	2900.00
642.73	3134.00
643.07	3230.00
643.41	3221.00
643.75	3334.00
644.10	3270.00
644.44	3255.00
644.78	3181.00
645.12	3318.00
645.46	3278.00
645.81	3267.00
646.15	3437.00
646.49	3388.00
646.83	3365.00
647.17	3418.00
647.51	3351.00
647.86	3170.00
648.20	3303.00
648.54	3392.00
648.88	3273.00
649.22	3076.00
649.56	3077.00
649.90	3289.00
650.25	3402.00
650.59	3480.00
650.93	3614.00
651.27	3515.00
651.61	3239.00
651.95	3109.00
652.29	3185.00
652.63	3331.00
652.97	3414.00
653.32	3490.00
653.66	3546.00
654.00	3507.00
654.34	3505.00
654.68	3387.00
655.02	3407.00
655.36	3414.00
655.70	3495.00
656.04	3397.00
656.38	3349.00
656.72	3377.00
657.06	3187.00
657.40	3026.00
657.74	2908.00
658.08	2948.00
658.42	3111.00
658.76	3120.00
659.10	3418.00
659.44	3337.00
659.78	3224.00
660.12	3196.00
660.46	3358.00
660.80	3286.00
661.14	3306.00
661.48	3295.00
661.82	3208.00
662.16	3021.00
662.50	3209.00
662.84	3353.00
663.18	3421.00
663.52	3272.00
663.86	3248.00
664.20	3135.00
664.54	3062.00
664.88	3041.00
665.22	3042.00
665.56	3037.00
665.90	3150.00
666.23	3043.00
666.57	3184.00
666.91	3329.00
667.25	3343.00
667.59	3167.00
667.93	3085.00
668.27	3029.00
668.61	3030.00
668.95	3176.00
669.28	3256.00
669.62	3199.00
669.96	3037.00
670.30	3006.00
670.64	2852.00
670.98	2918.00
671.32	2987.00
671.65	3012.00
671.99	2974.00
672.33	2933.00
672.67	2849.00
673.01	2858.00
673.35	2895.00
673.68	2836.00
674.02	2831.00
674.36	2840.00
674.70	2822.00
675.04	2757.00
675.37	2862.00
675.71	3040.00
676.05	2896.00
676.39	2895.00
676.73	2847.00
677.06	2726.00
677.40	2695.00
677.74	2642.00
678.08	2755.00
678.41	2767.00
678.75	2639.00
679.09	2699.00
679.43	2571.00
679.76	2694.00
680.10	2741.00
680.44	2785.00
680.78	2647.00
681.11	2556.00
681.45	2448.00
681.79	2565.00
682.12	2520.00
682.46	2655.00
682.80	2781.00
683.13	2718.00
683.47	2612.00
683.81	2736.00
684.14	2832.00
684.48	2729.00
684.82	2550.00
685.15	2677.00
685.49	2669.00
685.83	2578.00
686.16	2756.00
686.50	2613.00
686.84	2593.00
687.17	2605.00
687.51	2647.00
687.85	2750.00
688.18	2701.00
688.52	2659.00
688.85	2586.00
689.19	2479.00
689.53	2581.00
689.86	2666.00
690.20	2541.00
690.53	2476.00
690.87	2452.00
691.21	2316.00
691.54	2257.00
691.88	2224.00
692.21	2208.00
692.55	2283.00
692.88	2392.00
693.22	2515.00
693.55	2416.00
693.89	2458.00
694.23	2527.00
694.56	2443.00
694.90	2508.00
695.23	2498.00
695.57	2445.00
695.90	2332.00
696.24	2479.00
696.57	2423.00
696.91	2505.00
697.24	2489.00
697.58	2558.00
697.91	2611.00
698.25	2621.00
698.58	2642.00
698.92	2531.00
699.25	2511.00
699.58	2523.00
699.92	2425.00
700.25	2399.00
700.59	2374.00
700.92	2378.00
701.26	2401.00
701.59	2485.00
701.93	2496.00
702.26	2442.00
702.59	2396.00
702.93	2389.00
703.26	2404.00
703.60	2409.00
703.93	2485.00
704.26	2525.00
704.60	2430.00
704.93	2296.00
705.27	2290.00
705.60	2270.00
705.93	2230.00
706.27	2192.00
706.60	2304.00
706.93	2350.00
707.27	2410.00
707.60	2429.00
707.93	2350.00
708.27	2279.00
708.60	2337.00
708.93	2207.00
709.27	2188.00
709.60	2292.00
709.93	2332.00
710.27	2384.00
710.60	2438.00
710.93	2427.00
711.27	2408.00
711.60	2453.00
711.93	2344.00
712.26	2391.00
712.60	2291.00
712.93	2431.00
713.26	2351.00
713.60	2367.00
713.93	2343.00
714.26	2195.00
714.59	2231.00
714.93	2147.00
715.26	2165.00
715.59	2133.00
715.92	2183.00
716.26	2111.00
716.59	2087.00
716.92	2146.00
717.25	1984.00
717.58	1983.00
717.92	2055.00
718.25	2129.00
718.58	2033.00
718.91	2124.00
719.24	2103.00
719.57	2028.00
719.91	2197.00
720.24	2052.00
720.57	2062.00
720.90	2074.00
721.23	2226.00
721.56	2234.00
721.90	2044.00
722.23	2012.00
722.56	1846.00
722.89	1881.00
723.22	1906.00
723.55	1845.00
723.88	1987.00
724.21	2072.00
724.55	2021.00
724.88	1953.00
725.21	1764.00
725.54	1780.00
725.87	1851.00
726.20	1845.00
726.53	1981.00
726.86	2100.00
727.19	2097.00
727.52	2009.00
727.85	1902.00
728.18	1880.00
728.51	1788.00
728.84	1828.00
729.17	1891.00
729.51	1973.00
729.84	1918.00
730.17	2036.00
730.50	2071.00
730.83	2024.00
731.16	2011.00
731.49	1992.00
731.82	1912.00
732.15	1821.00
732.48	1847.00
732.81	1763.00
733.14	1844.00
733.47	1830.00
733.79	1880.00
734.12	1859.00
734.45	1848.00
734.78	1842.00
735.11	1764.00
735.44	1834.00
735.77	1816.00
736.10	1828.00
736.43	1937.00
736.76	1903.00
737.09	1833.00
737.42	1716.00
737.75	1717.00
738.08	1738.00
738.41	1793.00
738.73	1939.00
739.06	2002.00
739.39	1982.00
739.72	1906.00
740.05	1817.00
740.38	1726.00
740.71	1543.00
741.04	1542.00
741.36	1570.00
741.69	1621.00
742.02	1706.00
742.35	1618.00
742.68	1542.00
743.01	1522.00
743.33	1489.00
743.66	1561.00
743.99	1669.00
744.32	1581.00
744.65	1588.00
744.97	1570.00
745.30	1513.00
745.63	1532.00
745.96	1546.00
746.29	1472.00
746.61	1447.00
746.94	1431.00
747.27	1427.00
747.60	1450.00
747.92	1542.00
748.25	1709.00
748.58	1739.00
748.91	1606.00
749.23	1404.00
749.56	1311.00
749.89	1406.00
750.22	1396.00
750.54	1326.00
750.87	1410.00
751.20	1517.00
751.52	1499.00
751.85	1437.00
752.18	1381.00
752.51	1414.00
752.83	1355.00
753.16	1409.00
753.49	1496.00
753.81	1455.00
754.14	1384.00
754.47	1335.00
754.79	1385.00
755.12	1434.00
755.44	1424.00
755.77	1284.00
756.10	1203.00
756.42	1226.00
756.75	1273.00
757.08	1348.00
757.40	1360.00
757.73	1224.00
758.05	1153.00
758.38	1047.00
758.71	1115.00
759.03	1203.00
759.36	1280.00
759.68	1258.00
760.01	1206.00
760.33	1121.00
760.66	1158.00
760.99	1254.00
761.31	1318.00
761.64	1306.00
761.96	1281.00
762.29	1293.00
762.61	1258.00
762.94	1201.00
763.26	1233.00
763.59	1248.00
763.91	1315.00
764.24	1325.00
764.56	1274.00
764.89	1366.00
765.21	1301.00
765.54	1268.00
765.86	1281.00
766.19	1324.00
766.51	1279.00
766.84	1269.00
767.16	1305.00
767.49	1216.00
767.81	1208.00
768.14	1248.00
768.46	1172.00
768.78	1142.00
769.11	1104.00
769.43	1066.00
769.76	1118.00
770.08	1077.00
770.40	1082.00
770.73	1059.00
771.05	1083.00
771.38	1175.00
771.70	1202.00
772.02	1111.00
772.35	1117.00
772.67	1155.00
773.00	1097.00
773.32	1062.00
773.64	1102.00
773.97	1049.00
774.29	1009.00
774.61	1023.00
774.94	1038.00
775.26	1043.00
775.58	1118.00
775.91	1183.00
776.23	1144.00
776.55	1037.00
776.88	939.00
777.20	942.00
777.52	913.00
777.84	900.00
778.17	979.00
778.49	1127.00
778.81	1064.00
779.14	1041.00
779.46	996.00
779.78	941.00
780.10	927.00
780.43	975.00
780.75	976.00
781.07	1016.00
781.39	1039.00
781.72	1036.00
782.04	1043.00
782.36	1034.00
782.68	1015.00
783.00	1024.00
783.33	1099.00
783.65	998.00
783.97	1035.00
784.29	1094.00
784.61	1067.00
784.94	1117.00
785.26	1122.00
785.58	1106.00
785.90	1113.00
786.22	1029.00
786.54	979.00
786.86	932.00
787.19	976.00
787.51	979.00
787.83	1012.00
788.15	1033.00
788.47	961.00
788.79	965.00
789.11	956.00
789.43	947.00
789.76	960.00
790.08	997.00
790.40	1063.00
790.72	1094.00
791.04	953.00
791.36	943.00
791.68	968.00
792.00	946.00
792.32	951.00
792.64	886.00
792.96	879.00
793.28	864.00
793.60	889.00
793.92	993.00
794.24	980.00
794.56	955.00
794.88	951.00
795.20	1008.00
795.52	976.00
795.84	937.00
796.16	933.00
796.48	949.00
796.80	962.00
797.12	927.00
797.44	970.00
797.76	913.00
798.08	853.00
798.40	800.00
798.72	841.00
799.04	854.00
799.36	862.00
799.68	899.00
800.00	858.00
800.32	840.00
800.64	816.00
800.96	836.00
801.28	890.00
801.60	945.00
801.91	832.00
802.23	827.00
802.55	858.00
802.87	836.00
803.19	823.00
803.51	809.00
803.83	791.00
804.15	799.00
804.46	785.00
804.78	799.00
805.10	819.00
805.42	843.00
805.74	847.00
806.06	825.00
806.37	798.00
806.69	825.00
807.01	882.00
807.33	878.00
807.65	892.00
807.96	911.00
808.28	820.00
808.60	813.00
808.92	846.00
809.24	918.00
809.55	874.00
809.87	865.00
810.19	832.00
810.51	848.00
810.82	837.00
811.14	780.00
811.46	786.00
811.78	896.00
812.09	959.00
812.41	982.00
812.73	846.00
813.05	793.00
813.36	777.00
813.68	804.00
814.00	790.00
814.31	708.00
814.63	751.00
814.95	807.00
815.26	782.00
815.58	848.00
815.90	774.00
816.21	697.00
816.53	721.00
816.85	764.00
817.16	825.00
817.48	803.00
817.80	834.00
818.11	841.00
818.43	872.00
818.74	902.00
819.06	861.00
819.38	798.00
819.69	735.00
820.01	724.00
820.32	703.00
820.64	692.00
820.96	622.00
821.27	590.00
821.59	619.00
821.90	641.00
822.22	582.00
822.53	534.00
822.85	572.00
823.16	666.00
823.48	674.00
823.80	667.00
824.11	618.00
824.43	604.00
824.74	609.00
825.06	622.00
825.37	611.00
825.69	563.00
826.00	567.00
826.32	554.00
826.63	560.00
826.94	542.00
827.26	539.00
827.57	572.00
827.89	595.00
828.20	609.00
828.52	595.00
828.83	504.00
829.15	475.00
829.46	515.00
829.78	502.00
830.09	503.00
830.40	514.00
830.72	498.00
831.03	504.00
831.35	513.00
831.66	537.00
831.97	481.00
832.29	497.00
832.60	500.00
832.91	503.00
833.23	518.00
833.54	498.00
833.86	487.00
834.17	506.00
834.48	489.00
834.80	456.00
835.11	440.00
835.42	441.00
835.74	428.00
836.05	438.00
836.36	471.00
836.67	471.00
836.99	456.00
837.30	426.00
837.61	438.00
837.93	455.00
838.24	481.00
838.55	466.00
838.86	486.00
839.18	501.00
839.49	489.00
839.80	493.00
840.11	448.00
840.43	428.00
840.74	449.00
841.05	441.00
841.36	444.00
841.68	451.00
841.99	458.00
842.30	482.00
842.61	477.00
842.92	467.00
843.24	444.00
843.55	463.00
843.86	488.00
844.17	506.00
844.48	493.00
844.79	452.00
845.11	435.00
845.42	429.00
845.73	449.00
846.04	487.00
846.35	474.00
846.66	451.00
846.97	470.00
847.29	505.00
847.60	493.00
847.91	446.00
848.22	416.00
848.53	379.00
848.84	391.00
849.15	411.00
849.46	416.00
849.77	416.00
850.08	425.00
850.39	396.00
850.70	376.00
851.01	341.00
851.32	399.00
851.64	441.00
851.95	428.00
852.26	417.00
852.57	421.00
852.88	382.00
853.19	385.00
853.50	378.00
853.81	353.00
854.12	364.00
854.43	384.00
854.74	388.00
855.05	386.00
855.36	409.00
855.67	430.00
855.97	403.00
856.28	362.00
856.59	375.00
856.90	406.00
857.21	383.00
857.52	371.00
857.83	360.00
858.14	363.00
858.45	336.00
858.76	330.00
859.07	335.00
859.38	366.00
859.69	348.00
859.99	372.00
860.30	379.00
860.61	349.00
860.92	348.00
861.23	325.00
861.54	309.00
861.85	321.00
862.15	333.00
862.46	309.00
862.77	333.00
863.08	337.00
863.39	343.00
863.70	344.00
864.00	313.00
864.31	305.00
864.62	310.00
864.93	318.00
865.24	336.00
865.54	329.00
865.85	273.00
866.16	254.00
866.47	257.00
866.77	279.00
867.08	295.00
867.39	318.00
867.70	311.00
868.00	320.00
868.31	297.00
868.62	300.00
868.93	299.00
869.23	322.00
869.54	303.00
869.85	290.00
870.15	279.00
870.46	279.00
870.77	292.00
871.07	307.00
871.38	308.00
871.69	307.00
871.99	301.00
872.30	301.00
872.61	296.00
872.91	300.00
873.22	293.00
873.53	265.00
873.83	248.00
874.14	306.00
874.45	300.00
874.75	274.00
875.06	254.00
875.36	265.00
875.67	260.00
875.98	259.00
876.28	243.00
876.59	254.00
876.89	227.00
877.20	248.00
877.50	244.00
877.81	228.00
878.12	228.00
878.42	254.00
878.73	246.00
879.03	229.00
879.34	225.00
879.64	232.00
879.95	214.00
880.25	239.00
880.56	278.00
880.86	247.00
881.17	208.00
881.47	220.00
881.78	229.00
882.08	224.00
882.39	215.00
882.69	225.00
883.00	217.00
883.30	197.00
883.60	214.00
883.91	228.00
884.21	215.00
884.52	225.00
884.82	237.00
885.13	222.00
885.43	240.00
885.73	226.00
886.04	208.00
886.34	194.00
886.65	186.00
886.95	180.00
887.25	182.00
887.56	198.00
887.86	216.00
888.16	218.00
888.47	216.00
888.77	232.00
889.07	223.00
889.38	201.00
889.68	186.00
889.98	196.00
890.29	180.00
890.59	176.00
890.89	180.00
891.20	188.00
891.50	180.00
891.80	188.00
892.10	199.00
892.41	185.00
892.71	185.00
893.01	184.00
893.32	198.00
893.62	194.00
893.92	177.00
894.22	180.00
894.52	173.00
894.83	166.00
895.13	179.00
895.43	171.00
895.73	176.00
896.04	192.00
896.34	193.00
896.64	200.00
896.94	198.00
897.24	177.00
897.54	186.00
897.85	176.00
898.15	160.00
898.45	162.00
898.75	161.00
899.05	160.00
899.35	154.00
899.66	150.00
899.96	157.00
900.26	151.00
900.56	171.00
900.86	161.00
901.16	155.00
901.46	151.00
901.76	139.00
902.06	168.00
902.36	167.00
902.67	154.00
902.97	159.00
903.27	155.00
903.57	149.00
903.87	139.00
904.17	136.00
904.47	139.00
904.77	130.00
905.07	133.00
905.37	140.00
905.67	135.00
905.97	133.00
906.27	135.00
906.57	147.00
906.87	153.00
907.17	149.00
907.47	132.00
907.77	142.00
908.07	158.00
908.37	159.00
908.67	161.00
908.97	158.00
909.27	138.00
909.57	129.00
909.87	127.00
910.16	136.00
910.46	155.00
910.76	145.00
911.06	123.00
911.36	127.00
911.66	125.00
911.96	135.00
912.26	142.00
912.56	139.00
912.86	154.00
913.15	157.00
913.45	166.00
913.75	145.00
914.05	137.00
914.35	123.00
914.65	131.00
914.94	130.00
915.24	143.00
915.54	146.00
915.84	139.00
916.14	138.00
916.43	124.00
916.73	126.00
917.03	129.00
917.33	132.00
917.63	118.00
917.92	108.00
918.22	114.00
918.52	115.00
918.82	132.00
919.11	132.00
919.41	125.00
919.71	122.00
920.01	128.00
920.30	133.00
920.60	145.00
920.90	149.00
921.19	152.00
921.49	150.00
921.79	143.00
922.09	133.00
922.38	112.00
922.68	108.00
922.98	98.00
923.27	106.00
923.57	100.00
923.86	88.00
924.16	85.00
924.46	93.00
924.75	95.00
925.05	92.00
925.35	94.00
925.64	87.00
925.94	85.00
926.23	82.00
926.53	68.00
926.83	67.00
927.12	76.00
927.42	89.00
927.71	89.00
928.01	92.00
928.30	105.00
928.60	99.00
928.90	97.00
929.19	97.00
929.49	97.00
929.78	103.00
930.08	96.00
930.37	90.00
930.67	74.00
930.96	78.00
931.26	77.00
931.55	75.00
931.85	65.00
932.14	84.00
932.44	92.00
932.73	83.00
933.03	76.00
933.32	71.00
933.61	58.00
933.91	69.00
934.20	63.00
934.50	67.00
934.79	59.00
935.09	54.00
935.38	58.00
935.67	50.00
935.97	54.00
936.26	56.00
936.56	64.00
936.85	61.00
937.14	56.00
937.44	64.00
937.73	71.00
938.02	60.00
938.32	52.00
938.61	62.00
938.90	49.00
939.20	46.00
939.49	48.00
939.78	42.00
940.08	35.00
940.37	38.00
940.66	46.00
940.96	41.00
941.25	38.00
941.54	38.00
941.83	38.00
942.13	38.00
942.42	33.00
942.71	39.00
943.00	37.00
943.30	23.00
943.59	28.00
943.88	32.00
944.17	25.00
944.47	26.00
944.76	26.00
945.05	34.00
945.34	38.00
945.63	34.00
945.93	30.00
946.22	30.00
946.51	35.00
946.80	27.00
947.09	27.00
947.38	35.00
947.68	30.00
947.97	26.00
948.26	27.00
948.55	29.00
948.84	37.00
949.13	30.00
949.42	32.00
949.71	27.00
950.01	28.00
950.30	29.00
950.59	26.00
950.88	33.00
951.17	30.00
951.46	40.00
951.75	26.00
952.04	31.00
952.33	28.00
952.62	24.00
952.91	24.00
953.20	32.00
953.49	26.00
953.78	27.00
954.07	28.00
954.36	18.00
954.65	18.00
954.94	31.00
955.23	26.00
955.52	31.00
955.81	33.00
956.10	30.00
956.39	32.00
956.68	22.00
956.97	24.00
957.26	26.00
957.55	28.00
957.84	24.00
958.13	29.00
958.42	24.00
958.71	20.00
959.00	17.00
959.28	29.00
959.57	31.00
959.86	30.00
960.15	22.00
960.44	28.00
960.73	28.00
961.02	27.00
961.31	24.00
961.59	28.00
961.88	19.00
962.17	28.00
962.46	21.00
962.75	23.00
963.04	35.00
963.32	28.00
963.61	28.00
963.90	27.00
964.19	27.00
964.48	25.00
964.76	23.00
965.05	22.00
965.34	17.00
965.63	24.00
965.91	13.00
966.20	23.00
966.49	19.00
966.78	25.00
967.06	17.00
967.35	25.00
967.64	28.00
967.92	21.00
968.21	26.00
968.50	19.00
968.79	23.00
969.07	23.00
969.36	23.00
969.65	27.00
969.93	23.00
970.22	26.00
970.51	26.00
970.79	19.00
971.08	25.00
971.36	28.00
971.65	27.00
971.94	26.00
972.22	28.00
972.51	26.00
972.80	18.00
973.08	27.00
973.37	20.00
973.65	23.00
973.94	14.00
974.22	18.00
974.51	14.00
974.80	16.00
975.08	18.00
975.37	14.00
975.65	13.00
975.94	16.00
976.22	16.00
976.51	17.00
976.79	23.00
977.08	27.00
977.36	21.00
977.65	22.00
977.93	17.00
978.22	18.00
978.50	14.00
978.79	21.00
979.07	16.00
979.36	18.00
979.64	15.00
979.92	9.00
980.21	10.00
980.49	26.00
980.78	21.00
981.06	16.00
981.35	19.00
981.63	11.00
981.91	12.00
982.20	9.00
982.48	12.00
982.76	16.00
983.05	9.00
983.33	14.00
983.62	20.00
983.90	9.00
984.18	10.00
984.47	16.00
984.75	6.00
985.03	15.00
985.32	10.00
985.60	5.00
985.88	12.00
986.16	8.00
986.45	6.00
986.73	7.00
987.01	10.00
987.30	3.00
987.58	10.00
987.86	11.00
988.14	7.00
988.43	19.00
988.71	12.00
988.99	8.00
989.27	11.00
989.56	9.00
989.84	2.00
990.12	1.00
990.40	6.00
990.68	5.00
990.97	9.00
991.25	8.00
991.53	12.00
991.81	6.00
992.09	7.00
992.37	2.00
992.65	4.00
992.94	1.00
993.22	1.00
993.50	7.00
993.78	9.00
994.06	13.00
994.34	12.00
994.62	4.00
994.90	12.00
995.19	8.00
995.47	7.00
995.75	3.00
996.03	5.00
996.31	6.00
996.59	6.00
996.87	5.00
997.15	9.00
997.43	6.00
997.71	9.00
997.99	1.00
998.27	10.00
998.55	10.00
998.83	3.00
999.11	5.00
999.39	12.00
999.67	7.00
999.95	8.00
1000.23	9.00
1000.51	3.00
1000.79	6.00
1001.07	8.00
1001.35	2.00
1001.63	8.00
1001.91	6.00
1002.19	5.00
1002.46	1.00
1002.74	4.00
1003.02	7.00
1003.30	8.00
1003.58	2.00
1003.86	4.00
1004.14	0.00
1004.42	2.00
1004.70	9.00
1004.97	8.00
1005.25	3.00
1005.53	0.00
1005.81	9.00
1006.09	2.00
1006.37	6.00
1006.64	3.00
1006.92	0.00
1007.20	4.00
1007.48	4.00
1007.76	9.00
1008.03	4.00
1008.31	-4.00
1008.59	-1.00
1008.87	2.00
1009.15	6.00
1009.42	7.00
1009.70	4.00
1009.98	-2.00
1010.25	5.00
1010.53	7.00
1010.81	8.00
1011.09	7.00
1011.36	8.00
1011.64	8.00
1011.92	2.00
1012.19	3.00
1012.47	0.00
1012.75	2.00
1013.02	8.00
1013.30	2.00
1013.58	-1.00
1013.85	1.00
1014.13	7.00
1014.41	4.00
1014.68	-3.00
1014.96	4.00
1015.24	2.00
1015.51	7.00
1015.79	2.00
1016.06	1.00
1016.34	3.00
1016.61	0.00
1016.89	1.00
1017.17	1.00
