340.36	0.00
340.73	-5.00
341.11	-1.00
341.48	-4.00
341.85	-4.00
342.22	-4.00
342.59	-2.00
342.96	-4.00
343.34	-5.00
343.71	-1.00
344.08	2.00
344.45	-4.00
344.82	-1.00
345.20	1.00
345.57	-1.00
345.94	2.00
346.31	-5.00
346.68	1.00
347.05	5.00
347.42	6.00
347.80	0.00
348.17	1.00
348.54	6.00
348.91	-4.00
349.28	8.00
349.65	19.00
350.02	23.00
350.40	24.00
350.77	12.00
351.14	17.00
351.51	25.00
351.88	24.00
352.25	19.00
352.62	20.00
352.99	29.00
353.37	31.00
353.74	25.00
354.11	18.00
354.48	22.00
354.85	25.00
355.22	28.00
355.59	28.00
355.96	24.00
356.33	19.00
356.70	26.00
357.07	19.00
357.44	26.00
357.82	21.00
358.19	26.00
358.56	27.00
358.93	17.00
359.30	19.00
359.67	25.00
360.04	27.00
360.41	28.00
360.78	28.00
361.15	24.00
361.52	26.00
361.89	25.00
362.26	25.00
362.63	31.00
363.00	33.00
363.37	43.00
363.74	31.00
364.11	32.00
364.48	33.00
364.85	38.00
365.22	44.00
365.59	49.00
365.96	38.00
366.33	48.00
366.70	41.00
367.07	45.00
367.44	44.00
367.81	35.00
368.18	37.00
368.55	49.00
368.92	51.00
369.29	46.00
369.66	47.00
370.03	47.00
370.40	49.00
370.77	53.00
371.14	51.00
371.51	50.00
371.88	60.00
372.25	63.00
372.62	56.00
372.99	62.00
373.36	61.00
373.73	65.00
374.10	69.00
374.47	70.00
374.84	68.00
375.21	78.00
375.58	77.00
375.95	77.00
376.32	75.00
376.69	78.00
377.05	81.00
377.42	77.00
377.79	86.00
378.16	75.00
378.53	79.00
378.90	87.00
379.27	91.00
379.64	96.00
380.01	101.00
380.38	95.00
380.75	87.00
381.11	103.00
381.48	105.00
381.85	100.00
382.22	109.00
382.59	110.00
382.96	113.00
383.33	119.00
383.70	116.00
384.06	121.00
384.43	133.00
384.80	130.00
385.17	125.00
385.54	131.00
385.91	136.00
386.28	133.00
386.64	142.00
387.01	151.00
387.38	146.00
387.75	140.00
388.12	149.00
388.49	156.00
388.85	152.00
389.22	164.00
389.59	159.00
389.96	158.00
390.33	167.00
390.70	161.00
391.06	171.00
391.43	177.00
391.80	179.00
392.17	178.00
392.54	181.00
392.90	188.00
393.27	192.00
393.64	185.00
394.01	190.00
394.38	198.00
394.74	201.00
395.11	206.00
395.48	212.00
395.85	217.00
396.21	218.00
396.58	208.00
396.95	212.00
397.32	223.00
397.69	228.00
398.05	225.00
398.42	232.00
398.79	226.00
399.16	231.00
399.52	254.00
399.89	257.00
400.26	271.00
400.62	249.00
400.99	255.00
401.36	248.00
401.73	283.00
402.09	293.00
402.46	284.00
402.83	295.00
403.20	289.00
403.56	306.00
403.93	307.00
404.30	314.00
404.66	315.00
405.03	307.00
405.40	306.00
405.76	304.00
406.13	337.00
406.50	315.00
406.86	321.00
407.23	331.00
407.60	357.00
407.97	331.00
408.33	329.00
408.70	328.00
409.07	355.00
409.43	343.00
409.80	348.00
410.17	366.00
410.53	360.00
410.90	359.00
411.26	368.00
411.63	383.00
412.00	340.00
412.36	378.00
412.73	380.00
413.10	360.00
413.46	394.00
413.83	390.00
414.20	389.00
414.56	385.00
414.93	351.00
415.29	384.00
415.66	403.00
416.03	405.00
416.39	408.00
416.76	413.00
417.12	427.00
417.49	435.00
417.86	423.00
418.22	435.00
418.59	468.00
418.95	430.00
419.32	463.00
419.68	480.00
420.05	497.00
420.42	462.00
420.78	488.00
421.15	500.00
421.51	533.00
421.88	520.00
422.24	514.00
422.61	535.00
422.97	557.00
423.34	588.00
423.71	599.00
424.07	608.00
424.44	577.00
424.80	637.00
425.17	615.00
425.53	603.00
425.90	595.00
426.26	636.00
426.63	624.00
426.99	634.00
427.36	636.00
427.72	689.00
428.09	650.00
428.45	700.00
428.82	626.00
429.18	626.00
429.55	677.00
429.91	678.00
430.28	672.00
430.64	699.00
431.01	732.00
431.37	687.00
431.74	708.00
432.10	696.00
432.47	745.00
432.83	716.00
433.19	720.00
433.56	802.00
433.92	724.00
434.29	703.00
434.65	754.00
435.02	732.00
435.38	793.00
435.75	789.00
436.11	832.00
436.47	762.00
436.84	776.00
437.20	798.00
437.57	817.00
437.93	818.00
438.30	770.00
438.66	825.00
439.02	806.00
439.39	811.00
439.75	833.00
440.12	858.00
440.48	807.00
440.84	824.00
441.21	883.00
441.57	866.00
441.94	890.00
442.30	866.00
442.66	953.00
443.03	942.00
443.39	969.00
443.75	1018.00
444.12	996.00
444.48	1022.00
444.84	1026.00
445.21	987.00
445.57	987.00
445.93	1025.00
446.30	1031.00
446.66	1099.00
447.02	1081.00
447.39	1112.00
447.75	1062.00
448.11	1109.00
448.48	1062.00
448.84	1152.00
449.20	1137.00
449.57	1094.00
449.93	1127.00
450.29	1161.00
450.66	1146.00
451.02	1189.00
451.38	1159.00
451.75	1178.00
452.11	1137.00
452.47	1053.00
452.83	1209.00
453.20	1249.00
453.56	1221.00
453.92	1288.00
454.28	1269.00
454.65	1274.00
455.01	1230.00
455.37	1184.00
455.74	1342.00
456.10	1246.00
456.46	1237.00
456.82	1302.00
457.19	1199.00
457.55	1255.00
457.91	1135.00
458.27	1333.00
458.63	1290.00
459.00	1337.00
459.36	1366.00
459.72	1283.00
460.08	1279.00
460.45	1288.00
460.81	1342.00
461.17	1277.00
461.53	1301.00
461.89	1377.00
462.26	1289.00
462.62	1319.00
462.98	1399.00
463.34	1361.00
463.70	1386.00
464.06	1473.00
464.43	1409.00
464.79	1420.00
465.15	1389.00
465.51	1316.00
465.87	1362.00
466.23	1489.00
466.60	1508.00
466.96	1496.00
467.32	1525.00
467.68	1618.00
468.04	1544.00
468.40	1578.00
468.77	1586.00
469.13	1616.00
469.49	1548.00
469.85	1596.00
470.21	1691.00
470.57	1510.00
470.93	1681.00
471.29	1759.00
471.65	1680.00
472.02	1614.00
472.38	1702.00
472.74	1772.00
473.10	1862.00
473.46	1871.00
473.82	1842.00
474.18	1973.00
474.54	1839.00
474.90	1818.00
475.26	1959.00
475.62	1998.00
475.98	1920.00
476.35	1777.00
476.71	1849.00
477.07	2031.00
477.43	2014.00
477.79	2065.00
478.15	2137.00
478.51	2025.00
478.87	2093.00
479.23	2133.00
479.59	2145.00
479.95	2157.00
480.31	2153.00
480.67	2165.00
481.03	2257.00
481.39	2206.00
481.75	2225.00
482.11	2323.00
482.47	2321.00
482.83	2147.00
483.19	2094.00
483.55	2220.00
483.91	2210.00
484.27	2156.00
484.63	2268.00
484.99	2208.00
485.35	2253.00
485.71	2280.00
486.07	2296.00
486.43	2302.00
486.79	2231.00
487.15	2305.00
487.51	2384.00
487.87	2348.00
488.23	2281.00
488.59	2212.00
488.95	2167.00
489.31	2304.00
489.66	2444.00
490.02	2412.00
490.38	2351.00
490.74	2301.00
491.10	2318.00
491.46	2335.00
491.82	2382.00
492.18	2404.00
492.54	2391.00
492.90	2370.00
493.26	2421.00
493.61	2399.00
493.97	2411.00
494.33	2414.00
494.69	2344.00
495.05	2425.00
495.41	2440.00
495.77	2368.00
496.13	2425.00
496.49	2366.00
496.84	2463.00
497.20	2511.00
497.56	2542.00
497.92	2548.00
498.28	2518.00
498.64	2565.00
499.00	2562.00
499.35	2633.00
499.71	2580.00
500.07	2611.00
500.43	2642.00
500.79	2735.00
501.14	2694.00
501.50	2569.00
501.86	2607.00
502.22	2698.00
502.58	2697.00
502.94	2715.00
503.29	2666.00
503.65	2787.00
504.01	2741.00
504.37	2683.00
504.73	2758.00
505.08	2837.00
505.44	2892.00
505.80	2928.00
506.16	2959.00
506.51	2943.00
506.87	2886.00
507.23	2920.00
507.59	2936.00
507.94	2961.00
508.30	2922.00
508.66	2931.00
509.02	3024.00
509.37	3042.00
509.73	3160.00
510.09	3190.00
510.45	3226.00
510.80	3172.00
511.16	3162.00
511.52	3230.00
511.87	3182.00
512.23	3238.00
512.59	3211.00
512.95	3176.00
513.30	3105.00
513.66	3142.00
514.02	3183.00
514.37	3256.00
514.73	3177.00
515.09	3142.00
515.44	3117.00
515.80	3135.00
516.16	3108.00
516.51	3303.00
516.87	3202.00
517.23	3155.00
517.58	3120.00
517.94	3114.00
518.30	3171.00
518.65	3153.00
519.01	2982.00
519.37	3080.00
519.72	3188.00
520.08	3093.00
520.43	3101.00
520.79	3059.00
521.15	3049.00
521.50	3036.00
521.86	3079.00
522.22	3010.00
522.57	2945.00
522.93	2965.00
523.28	3031.00
523.64	3082.00
524.00	3153.00
524.35	2960.00
524.71	3024.00
525.06	3239.00
525.42	3193.00
525.77	3213.00
526.13	3024.00
526.49	2871.00
526.84	3028.00
527.20	3159.00
527.55	3101.00
527.91	3042.00
528.26	2806.00
528.62	2919.00
528.97	2877.00
529.33	2858.00
529.68	2848.00
530.04	2843.00
530.40	2962.00
530.75	3047.00
531.11	3035.00
531.46	3143.00
531.82	2992.00
532.17	2972.00
532.53	2989.00
532.88	2908.00
533.24	2949.00
533.59	2982.00
533.95	2941.00
534.30	2814.00
534.65	2845.00
535.01	2932.00
535.36	2997.00
535.72	3055.00
536.07	2904.00
536.43	3026.00
536.78	3071.00
537.14	3091.00
537.49	3036.00
537.85	3127.00
538.20	3177.00
538.55	3262.00
538.91	3250.00
539.26	3121.00
539.62	3151.00
539.97	3142.00
540.33	3261.00
540.68	3286.00
541.03	3247.00
541.39	3193.00
541.74	3216.00
542.10	3346.00
542.45	3194.00
542.80	3271.00
543.16	3279.00
543.51	3288.00
543.87	3379.00
544.22	3397.00
544.57	3397.00
544.93	3489.00
545.28	3508.00
545.63	3607.00
545.99	3420.00
546.34	3495.00
546.69	3455.00
547.05	3513.00
547.40	3578.00
547.75	3455.00
548.11	3584.00
548.46	3720.00
548.81	3607.00
549.17	3569.00
549.52	3413.00
549.87	3417.00
550.23	3679.00
550.58	3551.00
550.93	3502.00
551.29	3403.00
551.64	3364.00
551.99	3574.00
552.35	3452.00
552.70	3567.00
553.05	3673.00
553.40	3576.00
553.76	3515.00
554.11	3597.00
554.46	3723.00
554.81	3754.00
555.17	3786.00
555.52	3658.00
555.87	3789.00
556.22	3553.00
556.58	3496.00
556.93	3619.00
557.28	3552.00
557.63	3692.00
557.99	3558.00
558.34	3726.00
558.69	3779.00
559.04	3710.00
559.39	3803.00
559.75	3816.00
560.10	3711.00
560.45	3573.00
560.80	3518.00
561.15	3595.00
561.51	3512.00
561.86	3440.00
562.21	3351.00
562.56	3462.00
562.91	3539.00
563.27	3455.00
563.62	3454.00
563.97	3590.00
564.32	3750.00
564.67	3548.00
565.02	3310.00
565.37	3386.00
565.73	3585.00
566.08	3729.00
566.43	3665.00
566.78	3691.00
567.13	3555.00
567.48	3609.00
567.83	3514.00
568.18	3421.00
568.54	3510.00
568.89	3331.00
569.24	3324.00
569.59	3435.00
569.94	3481.00
570.29	3445.00
570.64	3402.00
570.99	3397.00
571.34	3375.00
571.69	3416.00
572.04	3359.00
572.39	3560.00
572.75	3649.00
573.10	3550.00
573.45	3373.00
573.80	3523.00
574.15	3434.00
574.50	3346.00
574.85	3258.00
575.20	3256.00
575.55	3259.00
575.90	3179.00
576.25	3244.00
576.60	3349.00
576.95	3254.00
577.30	3231.00
577.65	3264.00
578.00	3346.00
578.35	3249.00
578.70	3179.00
579.05	3173.00
579.40	3438.00
579.75	3343.00
580.10	3207.00
580.45	3364.00
580.80	3377.00
581.15	3163.00
581.50	3234.00
581.85	3458.00
582.20	3363.00
582.55	3345.00
582.90	3355.00
583.25	3301.00
583.59	3492.00
583.94	3327.00
584.29	3342.00
584.64	3343.00
584.99	3415.00
585.34	3337.00
585.69	3514.00
586.04	3569.00
586.39	3450.00
586.74	3352.00
587.09	3339.00
587.43	3458.00
587.78	3467.00
588.13	3518.00
588.48	3674.00
588.83	3822.00
589.18	3715.00
589.53	3595.00
589.88	3513.00
590.22	3605.00
590.57	3500.00
590.92	3436.00
591.27	3413.00
591.62	3669.00
591.97	3753.00
592.32	3606.00
592.66	3475.00
593.01	3646.00
593.36	3785.00
593.71	3736.00
594.06	3801.00
594.40	3876.00
594.75	3842.00
595.10	3802.00
595.45	3820.00
595.80	3777.00
596.14	3833.00
596.49	3789.00
596.84	3829.00
597.19	3903.00
597.54	3860.00
597.88	3805.00
598.23	3744.00
598.58	3693.00
598.93	3742.00
599.27	3722.00
599.62	3727.00
599.97	3811.00
600.32	3825.00
600.66	3856.00
601.01	3834.00
601.36	3762.00
601.71	3721.00
602.05	3592.00
602.40	3668.00
602.75	3791.00
603.09	3866.00
603.44	3926.00
603.79	3887.00
604.14	3941.00
604.48	3929.00
604.83	3861.00
605.18	3726.00
605.52	3815.00
605.87	3731.00
606.22	3829.00
606.56	3899.00
606.91	3797.00
607.26	3838.00
607.60	3758.00
607.95	3810.00
608.30	3941.00
608.64	3921.00
608.99	3901.00
609.33	3804.00
609.68	3700.00
610.03	3510.00
610.37	3591.00
610.72	3638.00
611.07	3748.00
611.41	3793.00
611.76	3742.00
612.10	3811.00
612.45	3724.00
612.80	3530.00
613.14	3522.00
613.49	3690.00
613.83	3704.00
614.18	3518.00
614.52	3731.00
614.87	3896.00
615.22	3779.00
615.56	3660.00
615.91	3628.00
616.25	3553.00
616.60	3629.00
616.94	3371.00
617.29	3521.00
617.63	3636.00
617.98	3536.00
618.32	3483.00
618.67	3314.00
619.02	3391.00
619.36	3483.00
619.71	3505.00
620.05	3531.00
620.40	3601.00
620.74	3581.00
621.09	3598.00
621.43	3530.00
621.78	3448.00
622.12	3565.00
622.46	3551.00
622.81	3355.00
623.15	3520.00
623.50	3454.00
623.84	3431.00
624.19	3350.00
624.53	3446.00
624.88	3393.00
625.22	3383.00
625.57	3339.00
625.91	3313.00
626.25	3208.00
626.60	3155.00
626.94	3119.00
627.29	3182.00
627.63	3321.00
627.97	3361.00
628.32	3418.00
628.66	3288.00
629.01	3220.00
629.35	3177.00
629.69	3192.00
630.04	3314.00
630.38	3334.00
630.73	3370.00
631.07	3483.00
631.41	3494.00
631.76	3431.00
632.10	3448.00
632.44	3393.00
632.79	3299.00
633.13	3291.00
633.47	3243.00
633.82	3215.00
634.16	3298.00
634.50	3244.00
634.85	3178.00
635.19	3106.00
635.53	3310.00
635.88	3336.00
636.22	3262.00
636.56	3343.00
636.91	3299.00
637.25	3336.00
637.59	3439.00
637.93	3265.00
638.28	3130.00
638.62	3072.00
638.96	3142.00
639.30	3241.00
639.65	3183.00
639.99	3118.00
640.33	3225.00
640.67	3266.00
641.02	3205.00
641.36	3164.00
641.70	3113.00
642.04	3007.00
642.39	2970.00
642.73	3146.00
643.07	3243.00
643.41	3232.00
643.75	3333.00
644.10	3266.00
644.44	3255.00
644.78	3204.00
645.12	3322.00
645.46	3267.00
645.81	3272.00
646.15	3452.00
646.49	3363.00
646.83	3372.00
647.17	3407.00
647.51	3352.00
647.86	3195.00
648.20	3307.00
648.54	3406.00
648.88	3244.00
649.22	3068.00
649.56	3114.00
649.90	3272.00
650.25	3349.00
650.59	3529.00
650.93	3652.00
651.27	3510.00
651.61	3242.00
651.95	3092.00
652.29	3195.00
652.63	3374.00
652.97	3404.00
653.32	3514.00
653.66	3512.00
654.00	3505.00
654.34	3501.00
654.68	3368.00
655.02	3397.00
655.36	3389.00
655.70	3479.00
656.04	3389.00
656.38	3323.00
656.72	3361.00
657.06	3215.00
657.40	2997.00
657.74	2885.00
658.08	2938.00
658.42	3112.00
658.76	3104.00
659.10	3403.00
659.44	3347.00
659.78	3229.00
660.12	3210.00
660.46	3374.00
660.80	3305.00
661.14	3308.00
661.48	3302.00
661.82	3202.00
662.16	3018.00
662.50	3212.00
662.84	3359.00
663.18	3437.00
663.52	3307.00
663.86	3221.00
664.20	3112.00
664.54	3050.00
664.88	3038.00
665.22	3030.00
665.56	3024.00
665.90	3168.00
666.23	3025.00
666.57	3218.00
666.91	3322.00
667.25	3323.00
667.59	3145.00
667.93	3045.00
668.27	3011.00
668.61	3036.00
668.95	3208.00
669.28	3235.00
669.62	3193.00
669.96	2997.00
670.30	3016.00
670.64	2866.00
670.98	2944.00
671.32	2988.00
671.65	3010.00
671.99	2949.00
672.33	2892.00
672.67	2848.00
673.01	2825.00
673.35	2910.00
673.68	2851.00
674.02	2836.00
674.36	2830.00
674.70	2818.00
675.04	2771.00
675.37	2843.00
675.71	3067.00
676.05	2886.00
676.39	2917.00
676.73	2824.00
677.06	2692.00
677.40	2690.00
677.74	2650.00
678.08	2775.00
678.41	2769.00
678.75	2600.00
679.09	2654.00
679.43	2555.00
679.76	2641.00
680.10	2748.00
680.44	2750.00
680.78	2637.00
681.11	2534.00
681.45	2459.00
681.79	2562.00
682.12	2526.00
682.46	2663.00
682.80	2753.00
683.13	2706.00
683.47	2626.00
683.81	2742.00
684.14	2819.00
684.48	2698.00
684.82	2540.00
685.15	2638.00
685.49	2635.00
685.83	2542.00
686.16	2729.00
686.50	2608.00
686.84	2551.00
687.17	2612.00
687.51	2662.00
687.85	2751.00
688.18	2668.00
688.52	2646.00
688.85	2578.00
689.19	2475.00
689.53	2568.00
689.86	2658.00
690.20	2567.00
690.53	2478.00
690.87	2475.00
691.21	2324.00
691.54	2256.00
691.88	2238.00
692.21	2213.00
692.55	2282.00
692.88	2413.00
693.22	2520.00
693.55	2401.00
693.89	2446.00
694.23	2522.00
694.56	2458.00
694.90	2480.00
695.23	2492.00
695.57	2471.00
695.90	2332.00
696.24	2453.00
696.57	2455.00
696.91	2484.00
697.24	2498.00
697.58	2564.00
697.91	2631.00
698.25	2609.00
698.58	2623.00
698.92	2509.00
699.25	2503.00
699.58	2532.00
699.92	2417.00
700.25	2396.00
700.59	2385.00
700.92	2393.00
701.26	2397.00
701.59	2473.00
701.93	2522.00
702.26	2416.00
702.59	2400.00
702.93	2402.00
703.26	2412.00
703.60	2423.00
703.93	2489.00
704.26	2511.00
704.60	2409.00
704.93	2291.00
705.27	2289.00
705.60	2258.00
705.93	2272.00
706.27	2191.00
706.60	2332.00
706.93	2355.00
707.27	2452.00
707.60	2432.00
707.93	2357.00
708.27	2263.00
708.60	2324.00
708.93	2176.00
709.27	2165.00
709.60	2314.00
709.93	2333.00
710.27	2401.00
710.60	2448.00
710.93	2453.00
711.27	2405.00
711.60	2425.00
711.93	2350.00
712.26	2394.00
712.60	2300.00
712.93	2441.00
713.26	2346.00
713.60	2382.00
713.93	2309.00
714.26	2200.00
714.59	2241.00
714.93	2120.00
715.26	2185.00
715.59	2109.00
715.92	2166.00
716.26	2110.00
716.59	2092.00
716.92	2113.00
717.25	2004.00
717.58	1983.00
717.92	2065.00
718.25	2140.00
718.58	2049.00
718.91	2141.00
719.24	2102.00
719.57	2038.00
719.91	2189.00
720.24	2061.00
720.57	2072.00
720.90	2078.00
721.23	2212.00
721.56	2227.00
721.90	2062.00
722.23	1972.00
722.56	1846.00
722.89	1861.00
723.22	1908.00
723.55	1839.00
723.88	2008.00
724.21	2064.00
724.55	2032.00
724.88	1956.00
725.21	1765.00
725.54	1781.00
725.87	1849.00
726.20	1874.00
726.53	1986.00
726.86	2073.00
727.19	2093.00
727.52	2002.00
727.85	1899.00
728.18	1875.00
728.51	1776.00
728.84	1808.00
729.17	1856.00
729.51	1989.00
729.84	1882.00
730.17	2038.00
730.50	2078.00
730.83	2029.00
731.16	1999.00
731.49	2001.00
731.82	1925.00
732.15	1845.00
732.48	1856.00
732.81	1773.00
733.14	1865.00
733.47	1826.00
733.79	1890.00
734.12	1860.00
734.45	1850.00
734.78	1833.00
735.11	1756.00
735.44	1829.00
735.77	1817.00
736.10	1836.00
736.43	1940.00
736.76	1890.00
737.09	1824.00
737.42	1714.00
737.75	1720.00
738.08	1753.00
738.41	1807.00
738.73	1914.00
739.06	2004.00
739.39	1977.00
739.72	1889.00
740.05	1801.00
740.38	1712.00
740.71	1549.00
741.04	1534.00
741.36	1573.00
741.69	1613.00
742.02	1712.00
742.35	1633.00
742.68	1548.00
743.01	1547.00
743.33	1495.00
743.66	1548.00
743.99	1682.00
744.32	1584.00
744.65	1580.00
744.97	1581.00
745.30	1515.00
745.63	1506.00
745.96	1546.00
746.29	1482.00
746.61	1465.00
746.94	1441.00
747.27	1414.00
747.60	1437.00
747.92	1554.00
748.25	1710.00
748.58	1711.00
748.91	1611.00
749.23	1410.00
749.56	1318.00
749.89	1422.00
750.22	1408.00
750.54	1318.00
750.87	1403.00
751.20	1529.00
751.52	1509.00
751.85	1453.00
752.18	1385.00
752.51	1411.00
752.83	1387.00
753.16	1428.00
753.49	1515.00
753.81	1459.00
754.14	1385.00
754.47	1342.00
754.79	1368.00
755.12	1434.00
755.44	1432.00
755.77	1250.00
756.10	1219.00
756.42	1230.00
756.75	1263.00
757.08	1354.00
757.40	1356.00
757.73	1229.00
758.05	1174.00
758.38	1043.00
758.71	1136.00
759.03	1221.00
759.36	1294.00
759.68	1264.00
760.01	1185.00
760.33	1102.00
760.66	1177.00
760.99	1273.00
761.31	1311.00
761.64	1296.00
761.96	1274.00
762.29	1304.00
762.61	1259.00
762.94	1191.00
763.26	1231.00
763.59	1217.00
763.91	1331.00
764.24	1336.00
764.56	1292.00
764.89	1382.00
765.21	1300.00
765.54	1258.00
765.86	1259.00
766.19	1312.00
766.51	1301.00
766.84	1281.00
767.16	1304.00
767.49	1225.00
767.81	1189.00
768.14	1230.00
768.46	1163.00
768.78	1151.00
769.11	1113.00
769.43	1072.00
769.76	1112.00
770.08	1078.00
770.40	1058.00
770.73	1047.00
771.05	1099.00
771.38	1166.00
771.70	1193.00
772.02	1089.00
772.35	1112.00
772.67	1139.00
773.00	1095.00
773.32	1075.00
773.64	1120.00
773.97	1048.00
774.29	1013.00
774.61	1035.00
774.94	1041.00
775.26	1029.00
775.58	1124.00
775.91	1200.00
776.23	1158.00
776.55	1044.00
776.88	928.00
777.20	956.00
777.52	907.00
777.84	902.00
778.17	1002.00
778.49	1124.00
778.81	1052.00
779.14	1025.00
779.46	989.00
779.78	959.00
780.10	944.00
780.43	962.00
780.75	979.00
781.07	1008.00
781.39	1050.00
781.72	1039.00
782.04	1046.00
782.36	1050.00
782.68	1017.00
783.00	1038.00
783.33	1090.00
783.65	1003.00
783.97	1045.00
784.29	1085.00
784.61	1078.00
784.94	1120.00
785.26	1125.00
785.58	1097.00
785.90	1118.00
786.22	1013.00
786.54	958.00
786.86	923.00
787.19	976.00
787.51	979.00
787.83	996.00
788.15	1026.00
788.47	982.00
788.79	967.00
789.11	962.00
789.43	949.00
789.76	975.00
790.08	1000.00
790.40	1077.00
790.72	1090.00
791.04	965.00
791.36	938.00
791.68	941.00
792.00	947.00
792.32	935.00
792.64	894.00
792.96	871.00
793.28	885.00
793.60	891.00
793.92	1004.00
794.24	989.00
794.56	967.00
794.88	965.00
795.20	1046.00
795.52	998.00
795.84	951.00
796.16	940.00
796.48	944.00
796.80	955.00
797.12	921.00
797.44	969.00
797.76	923.00
798.08	874.00
798.40	783.00
798.72	847.00
799.04	842.00
799.36	887.00
799.68	905.00
800.00	869.00
800.32	844.00
800.64	809.00
800.96	835.00
801.28	887.00
801.60	936.00
801.91	824.00
802.23	836.00
802.55	849.00
802.87	833.00
803.19	813.00
803.51	790.00
803.83	789.00
804.15	798.00
804.46	793.00
804.78	802.00
805.10	809.00
805.42	849.00
805.74	843.00
806.06	842.00
806.37	795.00
806.69	848.00
807.01	877.00
807.33	905.00
807.65	895.00
807.96	901.00
808.28	798.00
808.60	823.00
808.92	871.00
809.24	907.00
809.55	894.00
809.87	862.00
810.19	814.00
810.51	845.00
810.82	807.00
811.14	773.00
811.46	782.00
811.78	898.00
812.09	976.00
812.41	979.00
812.73	856.00
813.05	774.00
813.36	792.00
813.68	811.00
814.00	802.00
814.31	712.00
814.63	735.00
814.95	812.00
815.26	788.00
815.58	825.00
815.90	788.00
816.21	685.00
816.53	726.00
816.85	788.00
817.16	817.00
817.48	809.00
817.80	829.00
818.11	820.00
818.43	853.00
818.74	905.00
819.06	865.00
819.38	781.00
819.69	744.00
820.01	710.00
820.32	722.00
820.64	679.00
820.96	637.00
821.27	599.00
821.59	630.00
821.90	650.00
822.22	575.00
822.53	530.00
822.85	572.00
823.16	672.00
823.48	648.00
823.80	649.00
824.11	599.00
824.43	608.00
824.74	606.00
825.06	620.00
825.37	614.00
825.69	561.00
826.00	553.00
826.32	560.00
826.63	563.00
826.94	545.00
827.26	546.00
827.57	567.00
827.89	583.00
828.20	602.00
828.52	593.00
828.83	493.00
829.15	468.00
829.46	512.00
829.78	497.00
830.09	512.00
830.40	497.00
830.72	490.00
831.03	513.00
831.35	502.00
831.66	536.00
831.97	492.00
832.29	489.00
832.60	482.00
832.91	503.00
833.23	524.00
833.54	509.00
833.86	492.00
834.17	498.00
834.48	486.00
834.80	464.00
835.11	434.00
835.42	442.00
835.74	433.00
836.05	438.00
836.36	461.00
836.67	455.00
836.99	454.00
837.30	438.00
837.61	448.00
837.93	450.00
838.24	468.00
838.55	485.00
838.86	481.00
839.18	480.00
839.49	498.00
839.80	505.00
840.11	444.00
840.43	439.00
840.74	450.00
841.05	443.00
841.36	438.00
841.68	446.00
841.99	454.00
842.30	498.00
842.61	463.00
842.92	465.00
843.24	452.00
843.55	477.00
843.86	470.00
844.17	505.00
844.48	505.00
844.79	456.00
845.11	430.00
845.42	431.00
845.73	450.00
846.04	460.00
846.35	472.00
846.66	450.00
846.97	477.00
847.29	509.00
847.60	494.00
847.91	444.00
848.22	416.00
848.53	396.00
848.84	390.00
849.15	409.00
849.46	421.00
849.77	413.00
850.08	424.00
850.39	403.00
850.70	372.00
851.01	336.00
851.32	403.00
851.64	435.00
851.95	422.00
852.26	417.00
852.57	415.00
852.88	393.00
853.19	386.00
853.50	379.00
853.81	357.00
854.12	358.00
854.43	378.00
854.74	376.00
855.05	389.00
855.36	403.00
855.67	423.00
855.97	401.00
856.28	378.00
856.59	379.00
856.90	415.00
857.21	383.00
857.52	363.00
857.83	366.00
858.14	357.00
858.45	342.00
858.76	329.00
859.07	347.00
859.38	362.00
859.69	358.00
859.99	371.00
860.30	387.00
860.61	350.00
860.92	327.00
861.23	313.00
861.54	317.00
861.85	328.00
862.15	334.00
862.46	302.00
862.77	321.00
863.08	334.00
863.39	345.00
863.70	332.00
864.00	318.00
864.31	307.00
864.62	309.00
864.93	309.00
865.24	329.00
865.54	324.00
865.85	278.00
866.16	248.00
866.47	257.00
866.77	287.00
867.08	290.00
867.39	321.00
867.70	320.00
868.00	318.00
868.31	298.00
868.62	299.00
868.93	314.00
869.23	326.00
869.54	319.00
869.85	299.00
870.15	264.00
870.46	270.00
870.77	284.00
871.07	315.00
871.38	308.00
871.69	307.00
871.99	298.00
872.30	292.00
872.61	289.00
872.91	298.00
873.22	285.00
873.53	268.00
873.83	258.00
874.14	312.00
874.45	303.00
874.75	257.00
875.06	249.00
875.36	257.00
875.67	263.00
875.98	258.00
876.28	250.00
876.59	252.00
876.89	243.00
877.20	250.00
877.50	251.00
877.81	232.00
878.12	235.00
878.42	263.00
878.73	256.00
879.03	228.00
879.34	233.00
879.64	225.00
879.95	220.00
880.25	237.00
880.56	273.00
880.86	245.00
881.17	201.00
881.47	231.00
881.78	241.00
882.08	226.00
882.39	220.00
882.69	224.00
883.00	221.00
883.30	206.00
883.60	220.00
883.91	229.00
884.21	213.00
884.52	216.00
884.82	236.00
885.13	228.00
885.43	233.00
885.73	236.00
886.04	217.00
886.34	186.00
886.65	179.00
886.95	182.00
887.25	179.00
887.56	191.00
887.86	218.00
888.16	215.00
888.47	217.00
888.77	241.00
889.07	226.00
889.38	195.00
889.68	188.00
889.98	199.00
890.29	190.00
890.59	166.00
890.89	172.00
891.20	186.00
891.50	185.00
891.80	197.00
892.10	201.00
892.41	192.00
892.71	184.00
893.01	188.00
893.32	204.00
893.62	196.00
893.92	191.00
894.22	186.00
894.52	168.00
894.83	172.00
895.13	167.00
895.43	176.00
895.73	184.00
896.04	181.00
896.34	196.00
896.64	197.00
896.94	204.00
897.24	184.00
897.54	179.00
897.85	182.00
898.15	161.00
898.45	158.00
898.75	160.00
899.05	162.00
899.35	155.00
899.66	153.00
899.96	149.00
900.26	163.00
900.56	163.00
900.86	156.00
901.16	155.00
901.46	158.00
901.76	144.00
902.06	157.00
902.36	176.00
902.67	155.00
902.97	150.00
903.27	149.00
903.57	152.00
903.87	151.00
904.17	139.00
904.47	146.00
904.77	146.00
905.07	130.00
905.37	146.00
905.67	135.00
905.97	127.00
906.27	145.00
906.57	143.00
906.87	158.00
907.17	149.00
907.47	144.00
907.77	132.00
908.07	147.00
908.37	155.00
908.67	156.00
908.97	165.00
909.27	136.00
909.57	127.00
909.87	128.00
910.16	132.00
910.46	146.00
910.76	139.00
911.06	119.00
911.36	122.00
911.66	118.00
911.96	137.00
912.26	136.00
912.56	149.00
912.86	152.00
913.15	153.00
913.45	157.00
913.75	149.00
914.05	134.00
914.35	123.00
914.65	132.00
914.94	139.00
915.24	143.00
915.54	151.00
915.84	149.00
916.14	137.00
916.43	130.00
916.73	128.00
917.03	130.00
917.33	131.00
917.63	112.00
917.92	105.00
918.22	118.00
918.52	117.00
918.82	128.00
919.11	130.00
919.41	124.00
919.71	123.00
920.01	123.00
920.30	125.00
920.60	148.00
920.90	147.00
921.19	153.00
921.49	149.00
921.79	146.00
922.09	125.00
922.38	112.00
922.68	102.00
922.98	99.00
923.27	101.00
923.57	97.00
923.86	92.00
924.16	84.00
924.46	97.00
924.75	95.00
925.05	97.00
925.35	88.00
925.64	88.00
925.94	88.00
926.23	78.00
926.53	76.00
926.83	73.00
927.12	80.00
927.42	92.00
927.71	81.00
928.01	86.00
928.30	93.00
928.60	96.00
928.90	99.00
929.19	104.00
929.49	101.00
929.78	94.00
930.08	94.00
930.37	81.00
930.67	74.00
930.96	83.00
931.26	81.00
931.55	75.00
931.85	68.00
932.14	79.00
932.44	96.00
932.73	85.00
933.03	79.00
933.32	75.00
933.61	68.00
933.91	61.00
934.20	64.00
934.50	63.00
934.79	67.00
935.09	54.00
935.38	56.00
935.67	50.00
935.97	53.00
936.26	51.00
936.56	55.00
936.85	58.00
937.14	56.00
937.44	69.00
937.73	65.00
938.02	52.00
938.32	49.00
938.61	51.00
938.90	53.00
939.20	47.00
939.49	48.00
939.78	42.00
940.08	40.00
940.37	39.00
940.66	44.00
940.96	44.00
941.25	47.00
941.54	37.00
941.83	35.00
942.13	40.00
942.42	35.00
942.71	36.00
943.00	22.00
943.30	29.00
943.59	31.00
943.88	32.00
944.17	26.00
944.47	25.00
944.76	32.00
945.05	36.00
945.34	34.00
945.63	38.00
945.93	39.00
946.22	25.00
946.51	29.00
946.80	24.00
947.09	24.00
947.38	26.00
947.68	30.00
947.97	27.00
948.26	33.00
948.55	32.00
948.84	36.00
949.13	32.00
949.42	29.00
949.71	32.00
950.01	33.00
950.30	26.00
950.59	32.00
950.88	32.00
951.17	28.00
951.46	32.00
951.75	28.00
952.04	30.00
952.33	30.00
952.62	27.00
952.91	37.00
953.20	32.00
953.49	31.00
953.78	31.00
954.07	23.00
954.36	22.00
954.65	21.00
954.94	26.00
955.23	26.00
955.52	29.00
955.81	46.00
956.10	26.00
956.39	32.00
956.68	21.00
956.97	25.00
957.26	19.00
957.55	25.00
957.84	27.00
958.13	19.00
958.42	23.00
958.71	32.00
959.00	29.00
959.28	28.00
959.57	37.00
959.86	28.00
960.15	15.00
960.44	32.00
960.73	26.00
961.02	34.00
961.31	28.00
961.59	29.00
961.88	20.00
962.17	14.00
962.46	20.00
962.75	24.00
963.04	25.00
963.32	25.00
963.61	30.00
963.90	32.00
964.19	27.00
964.48	19.00
964.76	20.00
965.05	23.00
965.34	21.00
965.63	16.00
965.91	10.00
966.20	16.00
966.49	22.00
966.78	25.00
967.06	21.00
967.35	23.00
967.64	25.00
967.92	22.00
968.21	25.00
968.50	21.00
968.79	21.00
969.07	28.00
969.36	23.00
969.65	19.00
969.93	19.00
970.22	20.00
970.51	22.00
970.79	30.00
971.08	27.00
971.36	25.00
971.65	24.00
971.94	29.00
972.22	28.00
972.51	27.00
972.80	31.00
973.08	25.00
973.37	22.00
973.65	20.00
973.94	17.00
974.22	21.00
974.51	18.00
974.80	17.00
975.08	17.00
975.37	14.00
975.65	13.00
975.94	22.00
976.22	18.00
976.51	20.00
976.79	26.00
977.08	30.00
977.36	20.00
977.65	25.00
977.93	18.00
978.22	17.00
978.50	18.00
978.79	16.00
979.07	14.00
979.36	16.00
979.64	18.00
979.92	7.00
980.21	12.00
980.49	19.00
980.78	12.00
981.06	15.00
981.35	16.00
981.63	14.00
981.91	7.00
982.20	9.00
982.48	11.00
982.76	18.00
983.05	11.00
983.33	15.00
983.62	11.00
983.90	5.00
984.18	11.00
984.47	18.00
984.75	2.00
985.03	8.00
985.32	7.00
985.60	4.00
985.88	4.00
986.16	9.00
986.45	9.00
986.73	4.00
987.01	9.00
987.30	7.00
987.58	10.00
987.86	11.00
988.14	8.00
988.43	13.00
988.71	13.00
988.99	1.00
989.27	10.00
989.56	9.00
989.84	4.00
990.12	10.00
990.40	6.00
990.68	10.00
990.97	8.00
991.25	7.00
991.53	13.00
991.81	6.00
992.09	2.00
992.37	-2.00
992.65	6.00
992.94	5.00
993.22	3.00
993.50	10.00
993.78	14.00
994.06	5.00
994.34	7.00
994.62	4.00
994.90	10.00
995.19	9.00
995.47	8.00
995.75	10.00
996.03	3.00
996.31	10.00
996.59	14.00
996.87	5.00
997.15	14.00
997.43	2.00
997.71	5.00
997.99	6.00
998.27	5.00
998.55	-1.00
998.83	-2.00
999.11	3.00
999.39	6.00
999.67	4.00
999.95	8.00
1000.23	2.00
1000.51	2.00
1000.79	5.00
1001.07	9.00
1001.35	9.00
1001.63	5.00
1001.91	9.00
1002.19	5.00
1002.46	1.00
1002.74	1.00
1003.02	5.00
1003.30	3.00
1003.58	3.00
1003.86	7.00
1004.14	2.00
1004.42	5.00
1004.70	8.00
1004.97	6.00
1005.25	-2.00
1005.53	-1.00
1005.81	1.00
1006.09	2.00
1006.37	4.00
1006.64	4.00
1006.92	1.00
1007.20	6.00
1007.48	7.00
1007.76	7.00
1008.03	5.00
1008.31	-1.00
1008.59	-3.00
1008.87	4.00
1009.15	5.00
1009.42	7.00
1009.70	6.00
1009.98	4.00
1010.25	11.00
1010.53	7.00
1010.81	7.00
1011.09	8.00
1011.36	8.00
1011.64	4.00
1011.92	3.00
1012.19	1.00
1012.47	1.00
1012.75	5.00
1013.02	5.00
1013.30	4.00
1013.58	1.00
1013.85	6.00
1014.13	1.00
1014.41	5.00
1014.68	1.00
1014.96	7.00
1015.24	2.00
1015.51	0.00
1015.79	-3.00
1016.06	1.00
1016.34	-4.00
1016.61	0.00
1016.89	2.00
1017.17	4.00
