340.36	0.00
340.73	1.00
341.11	2.00
341.48	0.00
341.85	-1.00
342.22	1.00
342.59	1.00
342.96	-2.00
343.34	1.00
343.71	-4.00
344.08	2.00
344.45	-1.00
344.82	-4.00
345.20	6.00
345.57	5.00
345.94	-1.00
346.31	-3.00
346.68	3.00
347.05	0.00
347.42	3.00
347.80	0.00
348.17	2.00
348.54	5.00
348.91	2.00
349.28	6.00
349.65	5.00
350.02	5.00
350.40	-1.00
350.77	-4.00
351.14	5.00
351.51	2.00
351.88	0.00
352.25	1.00
352.62	1.00
352.99	2.00
353.37	15.00
353.74	12.00
354.11	0.00
354.48	-3.00
354.85	-1.00
355.22	0.00
355.59	-1.00
355.96	5.00
356.33	2.00
356.70	3.00
357.07	0.00
357.44	2.00
357.82	-1.00
358.19	3.00
358.56	5.00
358.93	1.00
359.30	-5.00
359.67	3.00
360.04	7.00
360.41	4.00
360.78	1.00
361.15	-1.00
361.52	0.00
361.89	10.00
362.26	5.00
362.63	2.00
363.00	-1.00
363.37	7.00
363.74	2.00
364.11	-4.00
364.48	2.00
364.85	2.00
365.22	11.00
365.59	14.00
365.96	4.00
366.33	4.00
366.70	6.00
367.07	-2.00
367.44	-3.00
367.81	1.00
368.18	-6.00
368.55	6.00
368.92	9.00
369.29	-5.00
369.66	4.00
370.03	7.00
370.40	-1.00
370.77	-1.00
371.14	1.00
371.51	3.00
371.88	3.00
372.25	7.00
372.62	0.00
372.99	5.00
373.36	4.00
373.73	13.00
374.10	1.00
374.47	5.00
374.84	3.00
375.21	3.00
375.58	3.00
375.95	2.00
376.32	-2.00
376.69	4.00
377.05	6.00
377.42	3.00
377.79	4.00
378.16	4.00
378.53	-1.00
378.90	-2.00
379.27	6.00
379.64	8.00
380.01	8.00
380.38	2.00
380.75	-1.00
381.11	3.00
381.48	-1.00
381.85	0.00
382.22	-3.00
382.59	1.00
382.96	4.00
383.33	4.00
383.70	2.00
384.06	2.00
384.43	6.00
384.80	7.00
385.17	0.00
385.54	9.00
385.91	9.00
386.28	1.00
386.64	-1.00
387.01	10.00
387.38	4.00
387.75	1.00
388.12	-5.00
388.49	5.00
388.85	2.00
389.22	9.00
389.59	7.00
389.96	6.00
390.33	-2.00
390.70	7.00
391.06	3.00
391.43	11.00
391.80	7.00
392.17	6.00
392.54	4.00
392.90	-6.00
393.27	6.00
393.64	-1.00
394.01	4.00
394.38	6.00
394.74	8.00
395.11	3.00
395.48	5.00
395.85	8.00
396.21	0.00
396.58	6.00
396.95	2.00
397.32	8.00
397.69	9.00
398.05	1.00
398.42	11.00
398.79	3.00
399.16	9.00
399.52	9.00
399.89	6.00
400.26	4.00
400.62	4.00
400.99	9.00
401.36	7.00
401.73	12.00
402.09	16.00
402.46	7.00
402.83	7.00
403.20	6.00
403.56	15.00
403.93	15.00
404.30	22.00
404.66	24.00
405.03	12.00
405.40	21.00
405.76	21.00
406.13	27.00
406.50	32.00
406.86	34.00
407.23	28.00
407.60	38.00
407.97	35.00
408.33	32.00
408.70	37.00
409.07	49.00
409.43	47.00
409.80	52.00
410.17	44.00
410.53	58.00
410.90	55.00
411.26	63.00
411.63	70.00
412.00	71.00
412.36	75.00
412.73	73.00
413.10	78.00
413.46	89.00
413.83	88.00
414.20	99.00
414.56	98.00
414.93	85.00
415.29	101.00
415.66	117.00
416.03	120.00
416.39	115.00
416.76	136.00
417.12	134.00
417.49	148.00
417.86	156.00
418.22	156.00
418.59	175.00
418.95	175.00
419.32	192.00
419.68	219.00
420.05	227.00
420.42	226.00
420.78	250.00
421.15	255.00
421.51	296.00
421.88	290.00
422.24	287.00
422.61	309.00
422.97	338.00
423.34	351.00
423.71	378.00
424.07	379.00
424.44	372.00
424.80	424.00
425.17	449.00
425.53	445.00
425.90	445.00
426.26	512.00
426.63	506.00
426.99	521.00
427.36	561.00
427.72	608.00
428.09	610.00
428.45	661.00
428.82	617.00
429.18	633.00
429.55	685.00
429.91	708.00
430.28	683.00
430.64	709.00
431.01	765.00
431.37	731.00
431.74	764.00
432.10	768.00
432.47	793.00
432.83	791.00
433.19	809.00
433.56	870.00
433.92	827.00
434.29	833.00
434.65	893.00
435.02	795.00
435.38	732.00
435.75	727.00
436.11	822.00
436.47	885.00
436.84	928.00
437.20	973.00
437.57	1029.00
437.93	1086.00
438.30	1055.00
438.66	1108.00
439.02	1089.00
439.39	1079.00
439.75	1065.00
440.12	1061.00
440.48	1019.00
440.84	979.00
441.21	1005.00
441.57	958.00
441.94	952.00
442.30	882.00
442.66	907.00
443.03	909.00
443.39	911.00
443.75	893.00
444.12	879.00
444.48	907.00
444.84	871.00
445.21	860.00
445.57	854.00
445.93	856.00
446.30	870.00
446.66	853.00
447.02	818.00
447.39	814.00
447.75	799.00
448.11	793.00
448.48	762.00
448.84	785.00
449.20	758.00
449.57	719.00
449.93	735.00
450.29	739.00
450.66	705.00
451.02	699.00
451.38	682.00
451.75	694.00
452.11	673.00
452.47	586.00
452.83	661.00
453.20	650.00
453.56	650.00
453.92	681.00
454.28	625.00
454.65	645.00
455.01	618.00
455.37	598.00
455.74	656.00
456.10	632.00
456.46	612.00
456.82	627.00
457.19	574.00
457.55	577.00
457.91	556.00
458.27	591.00
458.63	571.00
459.00	578.00
459.36	585.00
459.72	523.00
460.08	532.00
460.45	540.00
460.81	541.00
461.17	507.00
461.53	515.00
461.89	524.00
462.26	487.00
462.62	498.00
462.98	520.00
463.34	509.00
463.70	513.00
464.06	505.00
464.43	524.00
464.79	515.00
465.15	544.00
465.51	491.00
465.87	530.00
466.23	545.00
466.60	550.00
466.96	556.00
467.32	573.00
467.68	585.00
468.04	571.00
468.40	596.00
468.77	602.00
469.13	621.00
469.49	597.00
469.85	619.00
470.21	672.00
470.57	618.00
470.93	686.00
471.29	692.00
471.65	673.00
472.02	678.00
472.38	726.00
472.74	721.00
473.10	760.00
473.46	730.00
473.82	733.00
474.18	787.00
474.54	738.00
474.90	739.00
475.26	769.00
475.62	758.00
475.98	757.00
476.35	720.00
476.71	742.00
477.07	772.00
477.43	782.00
477.79	798.00
478.15	811.00
478.51	799.00
478.87	814.00
479.23	835.00
479.59	848.00
479.95	841.00
480.31	867.00
480.67	859.00
481.03	905.00
481.39	885.00
481.75	889.00
482.11	943.00
482.47	958.00
482.83	934.00
483.19	977.00
483.55	976.00
483.91	1032.00
484.27	985.00
484.63	1042.00
484.99	1036.00
485.35	1071.00
485.71	1079.00
486.07	1081.00
486.43	1049.00
486.79	1017.00
487.15	1052.00
487.51	1040.00
487.87	1028.00
488.23	1005.00
488.59	998.00
488.95	969.00
489.31	984.00
489.66	982.00
490.02	941.00
490.38	940.00
490.74	894.00
491.10	890.00
491.46	865.00
491.82	871.00
492.18	812.00
492.54	804.00
492.90	788.00
493.26	758.00
493.61	742.00
493.97	732.00
494.33	739.00
494.69	728.00
495.05	734.00
495.41	724.00
495.77	711.00
496.13	704.00
496.49	676.00
496.84	690.00
497.20	675.00
497.56	676.00
497.92	660.00
498.28	645.00
498.64	645.00
499.00	632.00
499.35	633.00
499.71	611.00
500.07	596.00
500.43	599.00
500.79	578.00
501.14	577.00
501.50	563.00
501.86	565.00
502.22	555.00
502.58	558.00
502.94	535.00
503.29	550.00
503.65	555.00
504.01	536.00
504.37	530.00
504.73	535.00
505.08	527.00
505.44	514.00
505.80	510.00
506.16	503.00
506.51	504.00
506.87	502.00
507.23	514.00
507.59	504.00
507.94	495.00
508.30	479.00
508.66	485.00
509.02	495.00
509.37	474.00
509.73	490.00
510.09	465.00
510.45	476.00
510.80	468.00
511.16	466.00
511.52	457.00
511.87	458.00
512.23	461.00
512.59	456.00
512.95	459.00
513.30	456.00
513.66	460.00
514.02	443.00
514.37	433.00
514.73	437.00
515.09	432.00
515.44	436.00
515.80	428.00
516.16	433.00
516.51	434.00
516.87	438.00
517.23	422.00
517.58	422.00
517.94	422.00
518.30	418.00
518.65	409.00
519.01	416.00
519.37	398.00
519.72	406.00
520.08	401.00
520.43	396.00
520.79	409.00
521.15	403.00
521.50	390.00
521.86	393.00
522.22	384.00
522.57	376.00
522.93	389.00
523.28	390.00
523.64	379.00
524.00	380.00
524.35	381.00
524.71	379.00
525.06	385.00
525.42	369.00
525.77	371.00
526.13	373.00
526.49	370.00
526.84	372.00
527.20	381.00
527.55	385.00
527.91	372.00
528.26	368.00
528.62	382.00
528.97	383.00
529.33	391.00
529.68	402.00
530.04	420.00
530.40	433.00
530.75	440.00
531.11	452.00
531.46	461.00
531.82	481.00
532.17	503.00
532.53	487.00
532.88	481.00
533.24	522.00
533.59	514.00
533.95	524.00
534.30	525.00
534.65	543.00
535.01	549.00
535.36	577.00
535.72	580.00
536.07	589.00
536.43	612.00
536.78	636.00
537.14	645.00
537.49	660.00
537.85	702.00
538.20	703.00
538.55	734.00
538.91	734.00
539.26	772.00
539.62	778.00
539.97	793.00
540.33	808.00
540.68	843.00
541.03	854.00
541.39	881.00
541.74	911.00
542.10	943.00
542.45	983.00
542.80	1060.00
543.16	1128.00
543.51	1225.00
543.87	1339.00
544.22	1475.00
544.57	1558.00
544.93	1653.00
545.28	1666.00
545.63	1581.00
545.99	1612.00
546.34	1715.00
546.69	1748.00
547.05	1772.00
547.40	1846.00
547.75	1843.00
548.11	1873.00
548.46	1943.00
548.81	1946.00
549.17	1946.00
549.52	1969.00
549.87	1928.00
550.23	1886.00
550.58	1868.00
550.93	1807.00
551.29	1804.00
551.64	1709.00
551.99	1666.00
552.35	1627.00
552.70	1587.00
553.05	1507.00
553.40	1493.00
553.76	1440.00
554.11	1376.00
554.46	1348.00
554.81	1294.00
555.17	1259.00
555.52	1183.00
555.87	1197.00
556.22	1108.00
556.58	1089.00
556.93	1064.00
557.28	1019.00
557.63	998.00
557.99	979.00
558.34	959.00
558.69	910.00
559.04	899.00
559.39	883.00
559.75	872.00
560.10	865.00
560.45	839.00
560.80	808.00
561.15	805.00
561.51	789.00
561.86	779.00
562.21	779.00
562.56	749.00
562.91	745.00
563.27	747.00
563.62	722.00
563.97	711.00
564.32	686.00
564.67	670.00
565.02	639.00
565.37	657.00
565.73	647.00
566.08	634.00
566.43	638.00
566.78	629.00
567.13	635.00
567.48	637.00
567.83	643.00
568.18	638.00
568.54	656.00
568.89	677.00
569.24	711.00
569.59	716.00
569.94	760.00
570.29	773.00
570.64	800.00
570.99	853.00
571.34	869.00
571.69	904.00
572.04	917.00
572.39	988.00
572.75	1037.00
573.10	1028.00
573.45	1082.00
573.80	1115.00
574.15	1135.00
574.50	1126.00
574.85	1119.00
575.20	1152.00
575.55	1144.00
575.90	1149.00
576.25	1135.00
576.60	1125.00
576.95	1111.00
577.30	1096.00
577.65	1083.00
578.00	1073.00
578.35	1043.00
578.70	1029.00
579.05	1003.00
579.40	1001.00
579.75	964.00
580.10	937.00
580.45	932.00
580.80	908.00
581.15	887.00
581.50	902.00
581.85	878.00
582.20	843.00
582.55	838.00
582.90	801.00
583.25	802.00
583.59	826.00
583.94	776.00
584.29	759.00
584.64	747.00
584.99	735.00
585.34	715.00
585.69	722.00
586.04	704.00
586.39	688.00
586.74	683.00
587.09	688.00
587.43	656.00
587.78	665.00
588.13	662.00
588.48	637.00
588.83	647.00
589.18	621.00
589.53	631.00
589.88	611.00
590.22	601.00
590.57	612.00
590.92	591.00
591.27	607.00
591.62	605.00
591.97	601.00
592.32	586.00
592.66	578.00
593.01	568.00
593.36	567.00
593.71	560.00
594.06	558.00
594.40	540.00
594.75	550.00
595.10	547.00
595.45	543.00
595.80	537.00
596.14	532.00
596.49	519.00
596.84	511.00
597.19	506.00
597.54	506.00
597.88	488.00
598.23	491.00
598.58	474.00
598.93	480.00
599.27	476.00
599.62	462.00
599.97	442.00
600.32	454.00
600.66	455.00
601.01	444.00
601.36	431.00
601.71	434.00
602.05	431.00
602.40	435.00
602.75	421.00
603.09	409.00
603.44	410.00
603.79	402.00
604.14	411.00
604.48	398.00
604.83	388.00
605.18	382.00
605.52	403.00
605.87	376.00
606.22	375.00
606.56	391.00
606.91	382.00
607.26	370.00
607.60	370.00
607.95	358.00
608.30	382.00
608.64	389.00
608.99	376.00
609.33	380.00
609.68	380.00
610.03	390.00
610.37	398.00
610.72	398.00
611.07	384.00
611.41	372.00
611.76	352.00
612.10	338.00
612.45	345.00
612.80	340.00
613.14	342.00
613.49	336.00
613.83	322.00
614.18	315.00
614.52	312.00
614.87	318.00
615.22	303.00
615.56	304.00
615.91	289.00
616.25	296.00
616.60	301.00
616.94	290.00
617.29	288.00
617.63	278.00
617.98	274.00
618.32	278.00
618.67	272.00
619.02	274.00
619.36	265.00
619.71	272.00
620.05	264.00
620.40	259.00
620.74	258.00
621.09	265.00
621.43	254.00
621.78	254.00
622.12	256.00
622.46	249.00
622.81	246.00
623.15	252.00
623.50	249.00
623.84	238.00
624.19	252.00
624.53	253.00
624.88	246.00
625.22	228.00
625.57	231.00
625.91	227.00
626.25	226.00
626.60	232.00
626.94	235.00
627.29	227.00
627.63	213.00
627.97	211.00
628.32	222.00
628.66	216.00
629.01	216.00
629.35	226.00
629.69	226.00
630.04	224.00
630.38	222.00
630.73	222.00
631.07	218.00
631.41	210.00
631.76	218.00
632.10	217.00
632.44	208.00
632.79	203.00
633.13	196.00
633.47	208.00
633.82	220.00
634.16	210.00
634.50	205.00
634.85	196.00
635.19	201.00
635.53	200.00
635.88	216.00
636.22	198.00
636.56	191.00
636.91	194.00
637.25	201.00
637.59	198.00
637.93	199.00
638.28	201.00
638.62	191.00
638.96	191.00
639.30	196.00
639.65	202.00
639.99	186.00
640.33	185.00
640.67	182.00
641.02	183.00
641.36	174.00
641.70	188.00
642.04	191.00
642.39	181.00
642.73	186.00
643.07	165.00
643.41	178.00
643.75	186.00
644.10	178.00
644.44	177.00
644.78	175.00
645.12	167.00
645.46	170.00
645.81	168.00
646.15	178.00
646.49	167.00
646.83	172.00
647.17	165.00
647.51	163.00
647.86	166.00
648.20	156.00
648.54	160.00
648.88	161.00
649.22	161.00
649.56	161.00
649.90	154.00
650.25	161.00
650.59	162.00
650.93	152.00
651.27	145.00
651.61	158.00
651.95	153.00
652.29	153.00
652.63	155.00
652.97	151.00
653.32	151.00
653.66	147.00
654.00	147.00
654.34	143.00
654.68	141.00
655.02	154.00
655.36	150.00
655.70	154.00
656.04	151.00
656.38	141.00
656.72	149.00
657.06	147.00
657.40	133.00
657.74	141.00
658.08	138.00
658.42	149.00
658.76	136.00
659.10	147.00
659.44	140.00
659.78	146.00
660.12	142.00
660.46	134.00
660.80	138.00
661.14	138.00
661.48	138.00
661.82	137.00
662.16	135.00
662.50	139.00
662.84	136.00
663.18	127.00
663.52	128.00
663.86	129.00
664.20	129.00
664.54	129.00
664.88	132.00
665.22	115.00
665.56	126.00
665.90	122.00
666.23	126.00
666.57	125.00
666.91	118.00
667.25	129.00
667.59	122.00
667.93	120.00
668.27	119.00
668.61	122.00
668.95	122.00
669.28	121.00
669.62	107.00
669.96	112.00
670.30	112.00
670.64	110.00
670.98	110.00
671.32	111.00
671.65	112.00
671.99	106.00
672.33	111.00
672.67	107.00
673.01	100.00
673.35	103.00
673.68	102.00
674.02	100.00
674.36	97.00
674.70	91.00
675.04	85.00
675.37	95.00
675.71	101.00
676.05	94.00
676.39	95.00
676.73	94.00
677.06	79.00
677.40	91.00
677.74	90.00
678.08	86.00
678.41	87.00
678.75	78.00
679.09	87.00
679.43	79.00
679.76	81.00
680.10	77.00
680.44	84.00
680.78	77.00
681.11	72.00
681.45	79.00
681.79	75.00
682.12	70.00
682.46	78.00
682.80	72.00
683.13	76.00
683.47	70.00
683.81	68.00
684.14	63.00
684.48	73.00
684.82	64.00
685.15	74.00
685.49	72.00
685.83	58.00
686.16	61.00
686.50	50.00
686.84	55.00
687.17	55.00
687.51	65.00
687.85	60.00
688.18	62.00
688.52	62.00
688.85	46.00
689.19	54.00
689.53	53.00
689.86	52.00
690.20	52.00
690.53	55.00
690.87	49.00
691.21	43.00
691.54	53.00
691.88	47.00
692.21	43.00
692.55	42.00
692.88	42.00
693.22	44.00
693.55	45.00
693.89	45.00
694.23	39.00
694.56	42.00
694.90	39.00
695.23	35.00
695.57	30.00
695.90	40.00
696.24	31.00
696.57	41.00
696.91	38.00
697.24	33.00
697.58	34.00
697.91	35.00
698.25	31.00
698.58	28.00
698.92	29.00
699.25	33.00
699.58	29.00
699.92	24.00
700.25	33.00
700.59	27.00
700.92	24.00
701.26	28.00
701.59	32.00
701.93	30.00
702.26	29.00
702.59	31.00
702.93	29.00
703.26	23.00
703.60	20.00
703.93	26.00
704.26	25.00
704.60	22.00
704.93	21.00
705.27	21.00
705.60	13.00
705.93	22.00
706.27	15.00
706.60	18.00
706.93	19.00
707.27	17.00
707.60	18.00
707.93	23.00
708.27	14.00
708.60	23.00
708.93	21.00
709.27	16.00
709.60	14.00
709.93	8.00
710.27	12.00
710.60	6.00
710.93	17.00
711.27	9.00
711.60	12.00
711.93	12.00
712.26	5.00
712.60	4.00
712.93	11.00
713.26	2.00
713.60	5.00
713.93	7.00
714.26	8.00
714.59	1.00
714.93	4.00
715.26	6.00
715.59	7.00
715.92	9.00
716.26	7.00
716.59	5.00
716.92	4.00
717.25	2.00
717.58	2.00
717.92	3.00
718.25	-2.00
718.58	8.00
718.91	5.00
719.24	1.00
719.57	3.00
719.91	4.00
720.24	2.00
720.57	8.00
720.90	8.00
721.23	0.00
721.56	-5.00
721.90	1.00
722.23	-8.00
722.56	-4.00
722.89	1.00
723.22	5.00
723.55	7.00
723.88	6.00
724.21	3.00
724.55	5.00
724.88	7.00
725.21	8.00
725.54	6.00
725.87	3.00
726.20	0.00
726.53	1.00
726.86	3.00
727.19	1.00
727.52	4.00
727.85	-5.00
728.18	-1.00
728.51	0.00
728.84	1.00
729.17	-3.00
729.51	-6.00
729.84	-2.00
730.17	-2.00
730.50	3.00
730.83	4.00
731.16	2.00
731.49	3.00
731.82	5.00
732.15	6.00
732.48	1.00
732.81	5.00
733.14	0.00
733.47	0.00
733.79	6.00
734.12	6.00
734.45	4.00
734.78	3.00
735.11	8.00
735.44	3.00
735.77	0.00
736.10	-3.00
736.43	2.00
736.76	-4.00
737.09	6.00
737.42	3.00
737.75	4.00
738.08	3.00
738.41	9.00
738.73	-2.00
739.06	2.00
739.39	3.00
739.72	5.00
740.05	8.00
740.38	8.00
740.71	7.00
741.04	-1.00
741.36	4.00
741.69	8.00
742.02	-2.00
742.35	2.00
742.68	5.00
743.01	0.00
743.33	-7.00
743.66	-3.00
743.99	5.00
744.32	1.00
744.65	0.00
744.97	0.00
745.30	5.00
745.63	12.00
745.96	6.00
746.29	5.00
746.61	-1.00
746.94	3.00
747.27	0.00
747.60	-5.00
747.92	-2.00
748.25	4.00
748.58	6.00
748.91	1.00
749.23	5.00
749.56	5.00
749.89	2.00
750.22	5.00
750.54	-7.00
750.87	0.00
751.20	0.00
751.52	5.00
751.85	3.00
752.18	3.00
752.51	-4.00
752.83	-6.00
753.16	3.00
753.49	1.00
753.81	-3.00
754.14	2.00
754.47	-5.00
754.79	5.00
755.12	3.00
755.44	8.00
755.77	-2.00
756.10	-3.00
756.42	3.00
756.75	9.00
757.08	9.00
757.40	6.00
757.73	7.00
758.05	3.00
758.38	4.00
758.71	7.00
759.03	4.00
759.36	3.00
759.68	6.00
760.01	2.00
760.33	-11.00
760.66	3.00
760.99	0.00
761.31	6.00
761.64	5.00
761.96	4.00
762.29	-1.00
762.61	-1.00
762.94	7.00
763.26	-2.00
763.59	2.00
763.91	-1.00
764.24	2.00
764.56	-4.00
764.89	6.00
765.21	9.00
765.54	5.00
765.86	2.00
766.19	5.00
766.51	-1.00
766.84	-1.00
767.16	-1.00
767.49	0.00
767.81	-1.00
768.14	1.00
768.46	3.00
768.78	-3.00
769.11	-3.00
769.43	2.00
769.76	3.00
770.08	5.00
770.40	-1.00
770.73	2.00
771.05	3.00
771.38	0.00
771.70	1.00
772.02	6.00
772.35	2.00
772.67	7.00
773.00	0.00
773.32	1.00
773.64	5.00
773.97	9.00
774.29	5.00
774.61	-2.00
774.94	9.00
775.26	8.00
775.58	4.00
775.91	4.00
776.23	0.00
776.55	2.00
776.88	7.00
777.20	3.00
777.52	-2.00
777.84	-1.00
778.17	3.00
778.49	-2.00
778.81	2.00
779.14	3.00
779.46	6.00
779.78	8.00
780.10	2.00
780.43	3.00
780.75	-1.00
781.07	2.00
781.39	5.00
781.72	3.00
782.04	6.00
782.36	2.00
782.68	-1.00
783.00	-1.00
783.33	1.00
783.65	4.00
783.97	2.00
784.29	4.00
784.61	1.00
784.94	1.00
785.26	7.00
785.58	4.00
785.90	3.00
786.22	1.00
786.54	7.00
786.86	-5.00
787.19	0.00
787.51	20.00
787.83	10.00
788.15	4.00
788.47	3.00
788.79	2.00
789.11	1.00
789.43	-7.00
789.76	4.00
790.08	-1.00
790.40	-1.00
790.72	6.00
791.04	5.00
791.36	3.00
791.68	5.00
792.00	12.00
792.32	3.00
792.64	10.00
792.96	4.00
793.28	2.00
793.60	3.00
793.92	1.00
794.24	5.00
794.56	4.00
794.88	5.00
795.20	3.00
795.52	-1.00
795.84	2.00
796.16	-7.00
796.48	-3.00
796.80	7.00
797.12	7.00
797.44	4.00
797.76	2.00
798.08	0.00
798.40	-3.00
798.72	2.00
799.04	2.00
799.36	2.00
799.68	5.00
800.00	1.00
800.32	5.00
800.64	6.00
800.96	2.00
801.28	1.00
801.60	5.00
801.91	3.00
802.23	3.00
802.55	1.00
802.87	2.00
803.19	-4.00
803.51	-4.00
803.83	-5.00
804.15	3.00
804.46	-2.00
804.78	1.00
805.10	4.00
805.42	4.00
805.74	1.00
806.06	1.00
806.37	4.00
806.69	1.00
807.01	4.00
807.33	9.00
807.65	8.00
807.96	1.00
808.28	2.00
808.60	7.00
808.92	4.00
809.24	0.00
809.55	3.00
809.87	-2.00
810.19	6.00
810.51	6.00
810.82	-5.00
811.14	-2.00
811.46	-1.00
811.78	5.00
812.09	3.00
812.41	4.00
812.73	5.00
813.05	4.00
813.36	1.00
813.68	3.00
814.00	5.00
814.31	0.00
814.63	2.00
814.95	4.00
815.26	-3.00
815.58	-4.00
815.90	2.00
816.21	1.00
816.53	0.00
816.85	3.00
817.16	5.00
817.48	4.00
817.80	6.00
818.11	-1.00
818.43	4.00
818.74	-2.00
819.06	3.00
819.38	4.00
819.69	5.00
820.01	4.00
820.32	-1.00
820.64	1.00
820.96	6.00
821.27	10.00
821.59	-3.00
821.90	-3.00
822.22	-1.00
822.53	1.00
822.85	2.00
823.16	9.00
823.48	-2.00
823.80	6.00
824.11	-2.00
824.43	-5.00
824.74	0.00
825.06	6.00
825.37	8.00
825.69	7.00
826.00	0.00
826.32	-1.00
826.63	8.00
826.94	1.00
827.26	4.00
827.57	0.00
827.89	2.00
828.20	7.00
828.52	1.00
828.83	2.00
829.15	5.00
829.46	4.00
829.78	10.00
830.09	2.00
830.40	4.00
830.72	1.00
831.03	7.00
831.35	5.00
831.66	8.00
831.97	8.00
832.29	3.00
832.60	0.00
832.91	4.00
833.23	4.00
833.54	3.00
833.86	6.00
834.17	1.00
834.48	-4.00
834.80	8.00
835.11	2.00
835.42	3.00
835.74	3.00
836.05	7.00
836.36	1.00
836.67	4.00
836.99	4.00
837.30	3.00
837.61	-2.00
837.93	-2.00
838.24	2.00
838.55	-1.00
838.86	2.00
839.18	12.00
839.49	1.00
839.80	10.00
840.11	0.00
840.43	-3.00
840.74	4.00
841.05	0.00
841.36	-1.00
841.68	0.00
841.99	5.00
842.30	-5.00
842.61	0.00
842.92	2.00
843.24	-1.00
843.55	0.00
843.86	-9.00
844.17	5.00
844.48	6.00
844.79	3.00
845.11	3.00
845.42	5.00
845.73	0.00
846.04	5.00
846.35	1.00
846.66	5.00
846.97	2.00
847.29	2.00
847.60	3.00
847.91	-4.00
848.22	1.00
848.53	-1.00
848.84	7.00
849.15	12.00
849.46	2.00
849.77	4.00
850.08	6.00
850.39	-4.00
850.70	-2.00
851.01	-3.00
851.32	0.00
851.64	-2.00
851.95	-2.00
852.26	7.00
852.57	5.00
852.88	0.00
853.19	5.00
853.50	5.00
853.81	1.00
854.12	1.00
854.43	2.00
854.74	1.00
855.05	-1.00
855.36	-1.00
855.67	4.00
855.97	7.00
856.28	2.00
856.59	5.00
856.90	-3.00
857.21	1.00
857.52	1.00
857.83	-1.00
858.14	4.00
858.45	4.00
858.76	0.00
859.07	-4.00
859.38	1.00
859.69	7.00
859.99	11.00
860.30	-1.00
860.61	4.00
860.92	4.00
861.23	3.00
861.54	12.00
861.85	0.00
862.15	0.00
862.46	4.00
862.77	10.00
863.08	-1.00
863.39	-2.00
863.70	1.00
864.00	3.00
864.31	0.00
864.62	0.00
864.93	-2.00
865.24	2.00
865.54	9.00
865.85	-3.00
866.16	-2.00
866.47	6.00
866.77	4.00
867.08	3.00
867.39	-1.00
867.70	2.00
868.00	-3.00
868.31	-2.00
868.62	9.00
868.93	-1.00
869.23	3.00
869.54	3.00
869.85	-2.00
870.15	-3.00
870.46	-5.00
870.77	-3.00
871.07	-1.00
871.38	1.00
871.69	-4.00
871.99	-2.00
872.30	-3.00
872.61	3.00
872.91	2.00
873.22	4.00
873.53	1.00
873.83	0.00
874.14	9.00
874.45	5.00
874.75	1.00
875.06	2.00
875.36	6.00
875.67	5.00
875.98	1.00
876.28	1.00
876.59	1.00
876.89	3.00
877.20	0.00
877.50	-1.00
877.81	0.00
878.12	2.00
878.42	0.00
878.73	1.00
879.03	-2.00
879.34	1.00
879.64	3.00
879.95	2.00
880.25	-1.00
880.56	2.00
880.86	3.00
881.17	1.00
881.47	1.00
881.78	4.00
882.08	-1.00
882.39	-2.00
882.69	4.00
883.00	6.00
883.30	3.00
883.60	3.00
883.91	5.00
884.21	0.00
884.52	0.00
884.82	1.00
885.13	3.00
885.43	0.00
885.73	-3.00
886.04	3.00
886.34	-1.00
886.65	4.00
886.95	2.00
887.25	9.00
887.56	7.00
887.86	2.00
888.16	4.00
888.47	4.00
888.77	-1.00
889.07	1.00
889.38	3.00
889.68	1.00
889.98	4.00
890.29	1.00
890.59	-1.00
890.89	1.00
891.20	8.00
891.50	2.00
891.80	0.00
892.10	5.00
892.41	-5.00
892.71	-1.00
893.01	3.00
893.32	8.00
893.62	-6.00
893.92	-3.00
894.22	6.00
894.52	3.00
894.83	2.00
895.13	12.00
895.43	7.00
895.73	4.00
896.04	4.00
896.34	5.00
896.64	6.00
896.94	7.00
897.24	1.00
897.54	2.00
897.85	4.00
898.15	2.00
898.45	-2.00
898.75	5.00
899.05	3.00
899.35	4.00
899.66	8.00
899.96	10.00
900.26	3.00
900.56	-2.00
900.86	6.00
901.16	9.00
901.46	13.00
901.76	3.00
902.06	4.00
902.36	7.00
902.67	7.00
902.97	4.00
903.27	-8.00
903.57	3.00
903.87	0.00
904.17	1.00
904.47	-3.00
904.77	-1.00
905.07	-1.00
905.37	4.00
905.67	3.00
905.97	6.00
906.27	4.00
906.57	0.00
906.87	3.00
907.17	3.00
907.47	0.00
907.77	-1.00
908.07	4.00
908.37	-1.00
908.67	0.00
908.97	0.00
909.27	-1.00
909.57	-2.00
909.87	4.00
910.16	-6.00
910.46	1.00
910.76	6.00
911.06	-1.00
911.36	8.00
911.66	-2.00
911.96	-3.00
912.26	-7.00
912.56	0.00
912.86	2.00
913.15	1.00
913.45	-1.00
913.75	0.00
914.05	2.00
914.35	-6.00
914.65	0.00
914.94	6.00
915.24	-4.00
915.54	1.00
915.84	6.00
916.14	1.00
916.43	3.00
916.73	1.00
917.03	1.00
917.33	6.00
917.63	-4.00
917.92	1.00
918.22	2.00
918.52	-3.00
918.82	3.00
919.11	4.00
919.41	-3.00
919.71	1.00
920.01	2.00
920.30	0.00
920.60	8.00
920.90	-4.00
921.19	4.00
921.49	0.00
921.79	-1.00
922.09	-1.00
922.38	1.00
922.68	3.00
922.98	2.00
923.27	5.00
923.57	5.00
923.86	1.00
924.16	-1.00
924.46	4.00
924.75	0.00
925.05	-8.00
925.35	1.00
925.64	-3.00
925.94	1.00
926.23	1.00
926.53	7.00
926.83	6.00
927.12	1.00
927.42	0.00
927.71	-4.00
928.01	0.00
928.30	0.00
928.60	2.00
928.90	1.00
929.19	-3.00
929.49	7.00
929.78	6.00
930.08	3.00
930.37	1.00
930.67	1.00
930.96	1.00
931.26	8.00
931.55	0.00
931.85	-3.00
932.14	1.00
932.44	4.00
932.73	5.00
933.03	2.00
933.32	-2.00
933.61	0.00
933.91	5.00
934.20	1.00
934.50	4.00
934.79	7.00
935.09	8.00
935.38	8.00
935.67	-1.00
935.97	3.00
936.26	7.00
936.56	1.00
936.85	5.00
937.14	-5.00
937.44	1.00
937.73	6.00
938.02	-4.00
938.32	-1.00
938.61	9.00
938.90	-2.00
939.20	-1.00
939.49	6.00
939.78	6.00
940.08	4.00
940.37	-3.00
940.66	2.00
940.96	1.00
941.25	6.00
941.54	1.00
941.83	-10.00
942.13	8.00
942.42	0.00
942.71	7.00
943.00	1.00
943.30	-3.00
943.59	5.00
943.88	8.00
944.17	3.00
944.47	1.00
944.76	4.00
945.05	4.00
945.34	2.00
945.63	3.00
945.93	-5.00
946.22	1.00
946.51	1.00
946.80	0.00
947.09	1.00
947.38	0.00
947.68	4.00
947.97	-3.00
948.26	6.00
948.55	3.00
948.84	4.00
949.13	3.00
949.42	2.00
949.71	4.00
950.01	1.00
950.30	3.00
950.59	3.00
950.88	3.00
951.17	-3.00
951.46	5.00
951.75	0.00
952.04	-1.00
952.33	-10.00
952.62	1.00
952.91	4.00
953.20	8.00
953.49	-1.00
953.78	-1.00
954.07	-2.00
954.36	-3.00
954.65	-6.00
954.94	2.00
955.23	-1.00
955.52	3.00
955.81	3.00
956.10	3.00
956.39	-2.00
956.68	0.00
956.97	-1.00
957.26	3.00
957.55	8.00
957.84	4.00
958.13	2.00
958.42	8.00
958.71	8.00
959.00	2.00
959.28	5.00
959.57	0.00
959.86	3.00
960.15	-5.00
960.44	3.00
960.73	-3.00
961.02	5.00
961.31	0.00
961.59	6.00
961.88	8.00
962.17	2.00
962.46	3.00
962.75	1.00
963.04	9.00
963.32	3.00
963.61	-1.00
963.90	6.00
964.19	7.00
964.48	5.00
964.76	3.00
965.05	-1.00
965.34	-4.00
965.63	-4.00
965.91	-7.00
966.20	-1.00
966.49	8.00
966.78	5.00
967.06	1.00
967.35	0.00
967.64	1.00
967.92	5.00
968.21	1.00
968.50	1.00
968.79	2.00
969.07	2.00
969.36	5.00
969.65	-4.00
969.93	-2.00
970.22	5.00
970.51	9.00
970.79	9.00
971.08	4.00
971.36	5.00
971.65	4.00
971.94	3.00
972.22	4.00
972.51	1.00
972.80	0.00
973.08	5.00
973.37	3.00
973.65	6.00
973.94	-2.00
974.22	-2.00
974.51	0.00
974.80	-1.00
975.08	2.00
975.37	4.00
975.65	2.00
975.94	2.00
976.22	3.00
976.51	2.00
976.79	0.00
977.08	3.00
977.36	7.00
977.65	3.00
977.93	0.00
978.22	2.00
978.50	-1.00
978.79	3.00
979.07	-1.00
979.36	-1.00
979.64	3.00
979.92	-5.00
980.21	-3.00
980.49	3.00
980.78	-1.00
981.06	2.00
981.35	1.00
981.63	2.00
981.91	0.00
982.20	2.00
982.48	1.00
982.76	3.00
983.05	7.00
983.33	3.00
983.62	3.00
983.90	0.00
984.18	0.00
984.47	6.00
984.75	1.00
985.03	1.00
985.32	5.00
985.60	-5.00
985.88	2.00
986.16	-5.00
986.45	-3.00
986.73	0.00
987.01	-2.00
987.30	-3.00
987.58	0.00
987.86	4.00
988.14	3.00
988.43	8.00
988.71	4.00
988.99	-4.00
989.27	3.00
989.56	5.00
989.84	-1.00
990.12	-1.00
990.40	-1.00
990.68	3.00
990.97	-4.00
991.25	0.00
991.53	0.00
991.81	2.00
992.09	-1.00
992.37	-6.00
992.65	3.00
992.94	-1.00
993.22	-6.00
993.50	5.00
993.78	3.00
994.06	4.00
994.34	6.00
994.62	-2.00
994.90	9.00
995.19	2.00
995.47	12.00
995.75	1.00
996.03	-3.00
996.31	-1.00
996.59	1.00
996.87	-1.00
997.15	2.00
997.43	5.00
997.71	1.00
997.99	0.00
998.27	-1.00
998.55	-3.00
998.83	-3.00
999.11	5.00
999.39	0.00
999.67	0.00
999.95	7.00
1000.23	0.00
1000.51	-1.00
1000.79	-6.00
1001.07	4.00
1001.35	-3.00
1001.63	-9.00
1001.91	2.00
1002.19	-1.00
1002.46	-3.00
1002.74	7.00
1003.02	7.00
1003.30	4.00
1003.58	1.00
1003.86	7.00
1004.14	3.00
1004.42	1.00
1004.70	1.00
1004.97	3.00
1005.25	-2.00
1005.53	-1.00
1005.81	4.00
1006.09	3.00
1006.37	5.00
1006.64	2.00
1006.92	-6.00
1007.20	-2.00
1007.48	2.00
1007.76	-2.00
1008.03	-2.00
1008.31	-2.00
1008.59	-5.00
1008.87	-1.00
1009.15	2.00
1009.42	4.00
1009.70	-1.00
1009.98	-1.00
1010.25	0.00
1010.53	8.00
1010.81	6.00
1011.09	7.00
1011.36	7.00
1011.64	6.00
1011.92	1.00
1012.19	0.00
1012.47	1.00
1012.75	5.00
1013.02	1.00
1013.30	4.00
1013.58	4.00
1013.85	2.00
1014.13	-3.00
1014.41	1.00
1014.68	-3.00
1014.96	2.00
1015.24	9.00
1015.51	7.00
1015.79	6.00
1016.06	4.00
1016.34	0.00
1016.61	2.00
1016.89	1.00
1017.17	0.00
