340.36	0.00
340.73	1.00
341.11	4.00
341.48	-2.00
341.85	-6.00
342.22	3.00
342.59	2.00
342.96	5.00
343.34	4.00
343.71	1.00
344.08	-2.00
344.45	1.00
344.82	0.00
345.20	4.00
345.57	3.00
345.94	6.00
346.31	-1.00
346.68	-1.00
347.05	2.00
347.42	5.00
347.80	1.00
348.17	3.00
348.54	5.00
348.91	0.00
349.28	2.00
349.65	2.00
350.02	6.00
350.40	-5.00
350.77	-9.00
351.14	2.00
351.51	0.00
351.88	-2.00
352.25	3.00
352.62	3.00
352.99	8.00
353.37	7.00
353.74	4.00
354.11	6.00
354.48	1.00
354.85	0.00
355.22	10.00
355.59	5.00
355.96	10.00
356.33	11.00
356.70	4.00
357.07	3.00
357.44	2.00
357.82	2.00
358.19	2.00
358.56	2.00
358.93	-5.00
359.30	-9.00
359.67	3.00
360.04	-2.00
360.41	-2.00
360.78	3.00
361.15	-4.00
361.52	-2.00
361.89	-2.00
362.26	0.00
362.63	4.00
363.00	1.00
363.37	9.00
363.74	-1.00
364.11	-1.00
364.48	5.00
364.85	4.00
365.22	11.00
365.59	13.00
365.96	8.00
366.33	7.00
366.70	7.00
367.07	-1.00
367.44	5.00
367.81	5.00
368.18	-4.00
368.55	1.00
368.92	5.00
369.29	-2.00
369.66	1.00
370.03	8.00
370.40	1.00
370.77	3.00
371.14	1.00
371.51	0.00
371.88	2.00
372.25	4.00
372.62	-2.00
372.99	3.00
373.36	6.00
373.73	13.00
374.10	-1.00
374.47	5.00
374.84	6.00
375.21	4.00
375.58	4.00
375.95	-2.00
376.32	-5.00
376.69	3.00
377.05	9.00
377.42	3.00
377.79	0.00
378.16	2.00
378.53	1.00
378.90	-1.00
379.27	1.00
379.64	4.00
380.01	4.00
380.38	0.00
380.75	2.00
381.11	2.00
381.48	-2.00
381.85	2.00
382.22	-8.00
382.59	-1.00
382.96	7.00
383.33	3.00
383.70	6.00
384.06	3.00
384.43	8.00
384.80	7.00
385.17	-2.00
385.54	-1.00
385.91	-1.00
386.28	0.00
386.64	0.00
387.01	10.00
387.38	1.00
387.75	-1.00
388.12	0.00
388.49	3.00
388.85	1.00
389.22	6.00
389.59	4.00
389.96	5.00
390.33	-3.00
390.70	10.00
391.06	7.00
391.43	11.00
391.80	0.00
392.17	7.00
392.54	3.00
392.90	5.00
393.27	8.00
393.64	-2.00
394.01	1.00
394.38	-1.00
394.74	6.00
395.11	2.00
395.48	9.00
395.85	6.00
396.21	5.00
396.58	0.00
396.95	1.00
397.32	8.00
397.69	8.00
398.05	1.00
398.42	7.00
398.79	-2.00
399.16	10.00
399.52	13.00
399.89	8.00
400.26	5.00
400.62	11.00
400.99	5.00
401.36	10.00
401.73	11.00
402.09	9.00
402.46	15.00
402.83	18.00
403.20	13.00
403.56	14.00
403.93	15.00
404.30	18.00
404.66	20.00
405.03	16.00
405.40	25.00
405.76	25.00
406.13	25.00
406.50	27.00
406.86	37.00
407.23	27.00
407.60	32.00
407.97	33.00
408.33	34.00
408.70	37.00
409.07	45.00
409.43	50.00
409.80	45.00
410.17	52.00
410.53	50.00
410.90	55.00
411.26	65.00
411.63	68.00
412.00	68.00
412.36	76.00
412.73	72.00
413.10	72.00
413.46	83.00
413.83	82.00
414.20	95.00
414.56	90.00
414.93	87.00
415.29	104.00
415.66	109.00
416.03	113.00
416.39	117.00
416.76	129.00
417.12	130.00
417.49	151.00
417.86	153.00
418.22	155.00
418.59	176.00
418.95	168.00
419.32	189.00
419.68	203.00
420.05	218.00
420.42	216.00
420.78	231.00
421.15	244.00
421.51	270.00
421.88	273.00
422.24	292.00
422.61	307.00
422.97	322.00
423.34	343.00
423.71	365.00
424.07	381.00
424.44	372.00
424.80	418.00
425.17	442.00
425.53	439.00
425.90	446.00
426.26	491.00
426.63	498.00
426.99	511.00
427.36	539.00
427.72	578.00
428.09	597.00
428.45	634.00
428.82	607.00
429.18	610.00
429.55	659.00
429.91	669.00
430.28	668.00
430.64	686.00
431.01	747.00
431.37	712.00
431.74	720.00
432.10	744.00
432.47	767.00
432.83	757.00
433.19	783.00
433.56	845.00
433.92	795.00
434.29	808.00
434.65	889.00
435.02	786.00
435.38	723.00
435.75	707.00
436.11	810.00
436.47	840.00
436.84	900.00
437.20	946.00
437.57	1012.00
437.93	1068.00
438.30	1042.00
438.66	1082.00
439.02	1043.00
439.39	1049.00
439.75	1022.00
440.12	1045.00
440.48	978.00
440.84	951.00
441.21	977.00
441.57	928.00
441.94	902.00
442.30	877.00
442.66	881.00
443.03	882.00
443.39	880.00
443.75	887.00
444.12	859.00
444.48	860.00
444.84	827.00
445.21	826.00
445.57	807.00
445.93	821.00
446.30	822.00
446.66	831.00
447.02	794.00
447.39	793.00
447.75	772.00
448.11	758.00
448.48	725.00
448.84	753.00
449.20	732.00
449.57	709.00
449.93	712.00
450.29	716.00
450.66	674.00
451.02	670.00
451.38	661.00
451.75	675.00
452.11	672.00
452.47	574.00
452.83	623.00
453.20	616.00
453.56	648.00
453.92	646.00
454.28	600.00
454.65	624.00
455.01	588.00
455.37	583.00
455.74	639.00
456.10	604.00
456.46	613.00
456.82	607.00
457.19	552.00
457.55	570.00
457.91	539.00
458.27	582.00
458.63	560.00
459.00	577.00
459.36	563.00
459.72	512.00
460.08	529.00
460.45	499.00
460.81	523.00
461.17	490.00
461.53	493.00
461.89	503.00
462.26	474.00
462.62	486.00
462.98	504.00
463.34	497.00
463.70	512.00
464.06	485.00
464.43	506.00
464.79	503.00
465.15	538.00
465.51	499.00
465.87	521.00
466.23	520.00
466.60	539.00
466.96	543.00
467.32	541.00
467.68	572.00
468.04	564.00
468.40	578.00
468.77	590.00
469.13	606.00
469.49	587.00
469.85	595.00
470.21	650.00
470.57	591.00
470.93	664.00
471.29	681.00
471.65	666.00
472.02	657.00
472.38	690.00
472.74	710.00
473.10	733.00
473.46	717.00
473.82	720.00
474.18	765.00
474.54	719.00
474.90	720.00
475.26	753.00
475.62	745.00
475.98	746.00
476.35	695.00
476.71	728.00
477.07	748.00
477.43	764.00
477.79	765.00
478.15	796.00
478.51	781.00
478.87	801.00
479.23	777.00
479.59	805.00
479.95	829.00
480.31	841.00
480.67	829.00
481.03	874.00
481.39	886.00
481.75	885.00
482.11	920.00
482.47	938.00
482.83	946.00
483.19	945.00
483.55	969.00
483.91	990.00
484.27	971.00
484.63	1018.00
484.99	1034.00
485.35	1044.00
485.71	1059.00
486.07	1055.00
486.43	1032.00
486.79	988.00
487.15	1012.00
487.51	1020.00
487.87	1013.00
488.23	969.00
488.59	978.00
488.95	936.00
489.31	955.00
489.66	965.00
490.02	932.00
490.38	921.00
490.74	892.00
491.10	878.00
491.46	840.00
491.82	820.00
492.18	807.00
492.54	800.00
492.90	764.00
493.26	735.00
493.61	737.00
493.97	732.00
494.33	722.00
494.69	715.00
495.05	717.00
495.41	704.00
495.77	701.00
496.13	694.00
496.49	659.00
496.84	670.00
497.20	654.00
497.56	644.00
497.92	638.00
498.28	637.00
498.64	607.00
499.00	624.00
499.35	605.00
499.71	599.00
500.07	587.00
500.43	581.00
500.79	572.00
501.14	575.00
501.50	566.00
501.86	553.00
502.22	536.00
502.58	555.00
502.94	540.00
503.29	538.00
503.65	529.00
504.01	516.00
504.37	503.00
504.73	520.00
505.08	497.00
505.44	518.00
505.80	507.00
506.16	504.00
506.51	490.00
506.87	477.00
507.23	503.00
507.59	489.00
507.94	489.00
508.30	471.00
508.66	474.00
509.02	477.00
509.37	466.00
509.73	473.00
510.09	465.00
510.45	471.00
510.80	469.00
511.16	436.00
511.52	444.00
511.87	445.00
512.23	440.00
512.59	462.00
512.95	451.00
513.30	445.00
513.66	437.00
514.02	425.00
514.37	440.00
514.73	428.00
515.09	432.00
515.44	422.00
515.80	424.00
516.16	427.00
516.51	431.00
516.87	421.00
517.23	414.00
517.58	413.00
517.94	411.00
518.30	403.00
518.65	409.00
519.01	406.00
519.37	407.00
519.72	400.00
520.08	392.00
520.43	386.00
520.79	385.00
521.15	389.00
521.50	394.00
521.86	391.00
522.22	381.00
522.57	374.00
522.93	379.00
523.28	385.00
523.64	371.00
524.00	369.00
524.35	369.00
524.71	369.00
525.06	363.00
525.42	365.00
525.77	361.00
526.13	359.00
526.49	370.00
526.84	361.00
527.20	374.00
527.55	368.00
527.91	362.00
528.26	379.00
528.62	371.00
528.97	372.00
529.33	373.00
529.68	400.00
530.04	394.00
530.40	421.00
530.75	431.00
531.11	417.00
531.46	435.00
531.82	489.00
532.17	473.00
532.53	485.00
532.88	481.00
533.24	492.00
533.59	506.00
533.95	514.00
534.30	513.00
534.65	520.00
535.01	533.00
535.36	547.00
535.72	568.00
536.07	563.00
536.43	603.00
536.78	633.00
537.14	625.00
537.49	639.00
537.85	695.00
538.20	689.00
538.55	703.00
538.91	700.00
539.26	741.00
539.62	767.00
539.97	768.00
540.33	792.00
540.68	820.00
541.03	831.00
541.39	851.00
541.74	892.00
542.10	917.00
542.45	980.00
542.80	1032.00
543.16	1094.00
543.51	1201.00
543.87	1291.00
544.22	1439.00
544.57	1542.00
544.93	1621.00
545.28	1633.00
545.63	1566.00
545.99	1567.00
546.34	1644.00
546.69	1713.00
547.05	1777.00
547.40	1817.00
547.75	1801.00
548.11	1855.00
548.46	1878.00
548.81	1912.00
549.17	1895.00
549.52	1917.00
549.87	1902.00
550.23	1859.00
550.58	1811.00
550.93	1762.00
551.29	1736.00
551.64	1677.00
551.99	1652.00
552.35	1589.00
552.70	1546.00
553.05	1475.00
553.40	1455.00
553.76	1371.00
554.11	1350.00
554.46	1306.00
554.81	1258.00
555.17	1213.00
555.52	1173.00
555.87	1162.00
556.22	1077.00
556.58	1053.00
556.93	1016.00
557.28	981.00
557.63	974.00
557.99	957.00
558.34	943.00
558.69	894.00
559.04	868.00
559.39	879.00
559.75	849.00
560.10	846.00
560.45	817.00
560.80	808.00
561.15	779.00
561.51	784.00
561.86	762.00
562.21	749.00
562.56	725.00
562.91	719.00
563.27	708.00
563.62	703.00
563.97	691.00
564.32	676.00
564.67	653.00
565.02	639.00
565.37	626.00
565.73	633.00
566.08	615.00
566.43	613.00
566.78	622.00
567.13	604.00
567.48	613.00
567.83	620.00
568.18	641.00
568.54	655.00
568.89	664.00
569.24	684.00
569.59	696.00
569.94	732.00
570.29	751.00
570.64	787.00
570.99	818.00
571.34	854.00
571.69	883.00
572.04	892.00
572.39	963.00
572.75	1002.00
573.10	1013.00
573.45	1043.00
573.80	1076.00
574.15	1112.00
574.50	1099.00
574.85	1072.00
575.20	1115.00
575.55	1144.00
575.90	1126.00
576.25	1106.00
576.60	1094.00
576.95	1059.00
577.30	1061.00
577.65	1062.00
578.00	1042.00
578.35	1022.00
578.70	998.00
579.05	983.00
579.40	977.00
579.75	951.00
580.10	923.00
580.45	923.00
580.80	890.00
581.15	881.00
581.50	867.00
581.85	843.00
582.20	831.00
582.55	815.00
582.90	793.00
583.25	774.00
583.59	787.00
583.94	774.00
584.29	751.00
584.64	732.00
584.99	703.00
585.34	693.00
585.69	716.00
586.04	696.00
586.39	680.00
586.74	656.00
587.09	659.00
587.43	652.00
587.78	651.00
588.13	657.00
588.48	634.00
588.83	629.00
589.18	618.00
589.53	619.00
589.88	616.00
590.22	610.00
590.57	575.00
590.92	601.00
591.27	590.00
591.62	597.00
591.97	588.00
592.32	579.00
592.66	564.00
593.01	561.00
593.36	558.00
593.71	560.00
594.06	549.00
594.40	540.00
594.75	536.00
595.10	529.00
595.45	546.00
595.80	525.00
596.14	527.00
596.49	517.00
596.84	506.00
597.19	484.00
597.54	480.00
597.88	481.00
598.23	482.00
598.58	480.00
598.93	474.00
599.27	472.00
599.62	465.00
599.97	449.00
600.32	452.00
600.66	445.00
601.01	442.00
601.36	419.00
601.71	433.00
602.05	414.00
602.40	431.00
602.75	426.00
603.09	414.00
603.44	414.00
603.79	411.00
604.14	410.00
604.48	401.00
604.83	384.00
605.18	377.00
605.52	383.00
605.87	376.00
606.22	379.00
606.56	385.00
606.91	367.00
607.26	390.00
607.60	367.00
607.95	363.00
608.30	378.00
608.64	368.00
608.99	368.00
609.33	367.00
609.68	389.00
610.03	395.00
610.37	398.00
610.72	400.00
611.07	384.00
611.41	360.00
611.76	363.00
612.10	350.00
612.45	342.00
612.80	329.00
613.14	333.00
613.49	320.00
613.83	329.00
614.18	313.00
614.52	310.00
614.87	320.00
615.22	311.00
615.56	293.00
615.91	290.00
616.25	291.00
616.60	289.00
616.94	283.00
617.29	277.00
617.63	280.00
617.98	291.00
618.32	276.00
618.67	275.00
619.02	274.00
619.36	275.00
619.71	269.00
620.05	260.00
620.40	263.00
620.74	257.00
621.09	246.00
621.43	257.00
621.78	248.00
622.12	250.00
622.46	251.00
622.81	248.00
623.15	242.00
623.50	239.00
623.84	240.00
624.19	245.00
624.53	240.00
624.88	235.00
625.22	236.00
625.57	231.00
625.91	231.00
626.25	230.00
626.60	234.00
626.94	230.00
627.29	225.00
627.63	215.00
627.97	219.00
628.32	226.00
628.66	226.00
629.01	220.00
629.35	226.00
629.69	228.00
630.04	217.00
630.38	224.00
630.73	223.00
631.07	220.00
631.41	229.00
631.76	215.00
632.10	208.00
632.44	209.00
632.79	207.00
633.13	209.00
633.47	222.00
633.82	204.00
634.16	208.00
634.50	204.00
634.85	200.00
635.19	200.00
635.53	194.00
635.88	197.00
636.22	201.00
636.56	189.00
636.91	196.00
637.25	197.00
637.59	195.00
637.93	196.00
638.28	192.00
638.62	190.00
638.96	187.00
639.30	192.00
639.65	195.00
639.99	181.00
640.33	186.00
640.67	190.00
641.02	183.00
641.36	171.00
641.70	182.00
642.04	174.00
642.39	180.00
642.73	167.00
643.07	166.00
643.41	175.00
643.75	177.00
644.10	187.00
644.44	175.00
644.78	173.00
645.12	174.00
645.46	171.00
645.81	161.00
646.15	168.00
646.49	167.00
646.83	168.00
647.17	162.00
647.51	165.00
647.86	164.00
648.20	166.00
648.54	166.00
648.88	157.00
649.22	161.00
649.56	157.00
649.90	153.00
650.25	159.00
650.59	154.00
650.93	161.00
651.27	150.00
651.61	164.00
651.95	155.00
652.29	149.00
652.63	154.00
652.97	155.00
653.32	147.00
653.66	152.00
654.00	140.00
654.34	153.00
654.68	149.00
655.02	148.00
655.36	148.00
655.70	147.00
656.04	152.00
656.38	151.00
656.72	148.00
657.06	147.00
657.40	133.00
657.74	146.00
658.08	141.00
658.42	145.00
658.76	142.00
659.10	145.00
659.44	137.00
659.78	141.00
660.12	137.00
660.46	134.00
660.80	128.00
661.14	134.00
661.48	138.00
661.82	141.00
662.16	129.00
662.50	137.00
662.84	133.00
663.18	135.00
663.52	132.00
663.86	131.00
664.20	125.00
664.54	122.00
664.88	125.00
665.22	124.00
665.56	133.00
665.90	128.00
666.23	127.00
666.57	127.00
666.91	121.00
667.25	124.00
667.59	126.00
667.93	113.00
668.27	114.00
668.61	120.00
668.95	121.00
669.28	114.00
669.62	105.00
669.96	104.00
670.30	113.00
670.64	112.00
670.98	116.00
671.32	109.00
671.65	120.00
671.99	99.00
672.33	103.00
672.67	101.00
673.01	95.00
673.35	98.00
673.68	102.00
674.02	98.00
674.36	92.00
674.70	92.00
675.04	96.00
675.37	94.00
675.71	91.00
676.05	97.00
676.39	97.00
676.73	98.00
677.06	86.00
677.40	88.00
677.74	89.00
678.08	90.00
678.41	85.00
678.75	92.00
679.09	86.00
679.43	88.00
679.76	69.00
680.10	79.00
680.44	85.00
680.78	81.00
681.11	72.00
681.45	70.00
681.79	82.00
682.12	77.00
682.46	75.00
682.80	63.00
683.13	76.00
683.47	78.00
683.81	67.00
684.14	71.00
684.48	71.00
684.82	68.00
685.15	70.00
685.49	71.00
685.83	63.00
686.16	60.00
686.50	55.00
686.84	56.00
687.17	57.00
687.51	56.00
687.85	58.00
688.18	59.00
688.52	57.00
688.85	57.00
689.19	53.00
689.53	48.00
689.86	54.00
690.20	51.00
690.53	54.00
690.87	46.00
691.21	43.00
691.54	48.00
691.88	53.00
692.21	48.00
692.55	43.00
692.88	47.00
693.22	41.00
693.55	41.00
693.89	50.00
694.23	36.00
694.56	46.00
694.90	32.00
695.23	37.00
695.57	27.00
695.90	45.00
696.24	31.00
696.57	33.00
696.91	36.00
697.24	32.00
697.58	32.00
697.91	38.00
698.25	33.00
698.58	25.00
698.92	32.00
699.25	36.00
699.58	34.00
699.92	29.00
700.25	32.00
700.59	33.00
700.92	28.00
701.26	31.00
701.59	26.00
701.93	26.00
702.26	27.00
702.59	28.00
702.93	34.00
703.26	28.00
703.60	25.00
703.93	27.00
704.26	21.00
704.60	20.00
704.93	25.00
705.27	14.00
705.60	14.00
705.93	22.00
706.27	19.00
706.60	21.00
706.93	18.00
707.27	8.00
707.60	9.00
707.93	27.00
708.27	18.00
708.60	12.00
708.93	17.00
709.27	15.00
709.60	13.00
709.93	14.00
710.27	10.00
710.60	5.00
710.93	8.00
711.27	9.00
711.60	15.00
711.93	12.00
712.26	5.00
712.60	6.00
712.93	9.00
713.26	7.00
713.60	6.00
713.93	9.00
714.26	3.00
714.59	2.00
714.93	5.00
715.26	5.00
715.59	3.00
715.92	4.00
716.26	5.00
716.59	4.00
716.92	4.00
717.25	4.00
717.58	3.00
717.92	2.00
718.25	3.00
718.58	12.00
718.91	3.00
719.24	1.00
719.57	1.00
719.91	5.00
720.24	-1.00
720.57	5.00
720.90	5.00
721.23	-2.00
721.56	-3.00
721.90	7.00
722.23	-5.00
722.56	3.00
722.89	1.00
723.22	1.00
723.55	2.00
723.88	2.00
724.21	-1.00
724.55	4.00
724.88	4.00
725.21	1.00
725.54	4.00
725.87	4.00
726.20	1.00
726.53	-2.00
726.86	1.00
727.19	0.00
727.52	4.00
727.85	3.00
728.18	5.00
728.51	1.00
728.84	0.00
729.17	2.00
729.51	-5.00
729.84	0.00
730.17	3.00
730.50	3.00
730.83	10.00
731.16	1.00
731.49	2.00
731.82	2.00
732.15	1.00
732.48	1.00
732.81	9.00
733.14	-1.00
733.47	-4.00
733.79	7.00
734.12	0.00
734.45	7.00
734.78	7.00
735.11	3.00
735.44	4.00
735.77	2.00
736.10	-4.00
736.43	3.00
736.76	2.00
737.09	-3.00
737.42	4.00
737.75	-2.00
738.08	3.00
738.41	7.00
738.73	1.00
739.06	6.00
739.39	3.00
739.72	6.00
740.05	5.00
740.38	5.00
740.71	10.00
741.04	5.00
741.36	0.00
741.69	3.00
742.02	-4.00
742.35	2.00
742.68	3.00
743.01	0.00
743.33	-7.00
743.66	0.00
743.99	5.00
744.32	-4.00
744.65	-2.00
744.97	4.00
745.30	3.00
745.63	9.00
745.96	8.00
746.29	-2.00
746.61	0.00
746.94	6.00
747.27	-2.00
747.60	-6.00
747.92	3.00
748.25	7.00
748.58	1.00
748.91	-1.00
749.23	6.00
749.56	5.00
749.89	1.00
750.22	5.00
750.54	-11.00
750.87	-6.00
751.20	-6.00
751.52	4.00
751.85	3.00
752.18	3.00
752.51	1.00
752.83	-1.00
753.16	4.00
753.49	1.00
753.81	-5.00
754.14	4.00
754.47	-3.00
754.79	1.00
755.12	-5.00
755.44	8.00
755.77	-2.00
756.10	6.00
756.42	4.00
756.75	10.00
757.08	9.00
757.40	6.00
757.73	1.00
758.05	2.00
758.38	1.00
758.71	2.00
759.03	-1.00
759.36	7.00
759.68	3.00
760.01	4.00
760.33	-1.00
760.66	-1.00
760.99	1.00
761.31	8.00
761.64	8.00
761.96	3.00
762.29	1.00
762.61	2.00
762.94	3.00
763.26	-1.00
763.59	1.00
763.91	4.00
764.24	5.00
764.56	0.00
764.89	5.00
765.21	5.00
765.54	8.00
765.86	-1.00
766.19	4.00
766.51	1.00
766.84	2.00
767.16	6.00
767.49	5.00
767.81	-1.00
768.14	1.00
768.46	3.00
768.78	3.00
769.11	1.00
769.43	0.00
769.76	2.00
770.08	-2.00
770.40	3.00
770.73	1.00
771.05	6.00
771.38	-2.00
771.70	1.00
772.02	8.00
772.35	1.00
772.67	7.00
773.00	2.00
773.32	6.00
773.64	2.00
773.97	1.00
774.29	3.00
774.61	-3.00
774.94	5.00
775.26	4.00
775.58	8.00
775.91	8.00
776.23	0.00
776.55	4.00
776.88	3.00
777.20	2.00
777.52	3.00
777.84	10.00
778.17	6.00
778.49	-6.00
778.81	-3.00
779.14	1.00
779.46	8.00
779.78	6.00
780.10	7.00
780.43	6.00
780.75	1.00
781.07	-2.00
781.39	8.00
781.72	0.00
782.04	-1.00
782.36	1.00
782.68	1.00
783.00	-2.00
783.33	-8.00
783.65	4.00
783.97	6.00
784.29	3.00
784.61	2.00
784.94	-1.00
785.26	1.00
785.58	6.00
785.90	6.00
786.22	2.00
786.54	6.00
786.86	-2.00
787.19	3.00
787.51	8.00
787.83	4.00
788.15	4.00
788.47	-1.00
788.79	3.00
789.11	-3.00
789.43	-5.00
789.76	3.00
790.08	-3.00
790.40	-2.00
790.72	2.00
791.04	9.00
791.36	5.00
791.68	11.00
792.00	10.00
792.32	2.00
792.64	7.00
792.96	4.00
793.28	3.00
793.60	3.00
793.92	-1.00
794.24	5.00
794.56	4.00
794.88	4.00
795.20	0.00
795.52	-5.00
795.84	3.00
796.16	-3.00
796.48	-7.00
796.80	5.00
797.12	-5.00
797.44	0.00
797.76	1.00
798.08	1.00
798.40	-3.00
798.72	-4.00
799.04	1.00
799.36	-4.00
799.68	2.00
800.00	-1.00
800.32	0.00
800.64	-3.00
800.96	3.00
801.28	-2.00
801.60	11.00
801.91	1.00
802.23	3.00
802.55	6.00
802.87	1.00
803.19	-6.00
803.51	-4.00
803.83	-1.00
804.15	4.00
804.46	0.00
804.78	-2.00
805.10	6.00
805.42	7.00
805.74	1.00
806.06	-2.00
806.37	10.00
806.69	5.00
807.01	5.00
807.33	3.00
807.65	5.00
807.96	4.00
808.28	-1.00
808.60	5.00
808.92	2.00
809.24	-1.00
809.55	7.00
809.87	5.00
810.19	2.00
810.51	5.00
810.82	-5.00
811.14	-2.00
811.46	2.00
811.78	3.00
812.09	5.00
812.41	9.00
812.73	12.00
813.05	2.00
813.36	0.00
813.68	-1.00
814.00	3.00
814.31	4.00
814.63	3.00
814.95	2.00
815.26	-3.00
815.58	6.00
815.90	0.00
816.21	-6.00
816.53	-1.00
816.85	6.00
817.16	2.00
817.48	-3.00
817.80	7.00
818.11	3.00
818.43	8.00
818.74	2.00
819.06	5.00
819.38	8.00
819.69	3.00
820.01	1.00
820.32	0.00
820.64	-6.00
820.96	7.00
821.27	8.00
821.59	0.00
821.90	2.00
822.22	-1.00
822.53	7.00
822.85	0.00
823.16	-1.00
823.48	0.00
823.80	7.00
824.11	-1.00
824.43	-3.00
824.74	-1.00
825.06	-1.00
825.37	8.00
825.69	6.00
826.00	2.00
826.32	-7.00
826.63	7.00
826.94	-6.00
827.26	3.00
827.57	-1.00
827.89	4.00
828.20	4.00
828.52	5.00
828.83	5.00
829.15	2.00
829.46	6.00
829.78	8.00
830.09	6.00
830.40	3.00
830.72	3.00
831.03	8.00
831.35	4.00
831.66	6.00
831.97	4.00
832.29	2.00
832.60	-2.00
832.91	3.00
833.23	9.00
833.54	2.00
833.86	1.00
834.17	-4.00
834.48	-1.00
834.80	-1.00
835.11	2.00
835.42	3.00
835.74	5.00
836.05	7.00
836.36	4.00
836.67	4.00
836.99	-4.00
837.30	6.00
837.61	-4.00
837.93	1.00
838.24	-1.00
838.55	-3.00
838.86	-6.00
839.18	3.00
839.49	-2.00
839.80	5.00
840.11	1.00
840.43	1.00
840.74	3.00
841.05	5.00
841.36	1.00
841.68	5.00
841.99	7.00
842.30	6.00
842.61	0.00
842.92	5.00
843.24	10.00
843.55	-2.00
843.86	-8.00
844.17	5.00
844.48	5.00
844.79	4.00
845.11	4.00
845.42	6.00
845.73	-2.00
846.04	5.00
846.35	7.00
846.66	16.00
846.97	-3.00
847.29	0.00
847.60	-1.00
847.91	-2.00
848.22	5.00
848.53	1.00
848.84	1.00
849.15	2.00
849.46	1.00
849.77	5.00
850.08	3.00
850.39	-1.00
850.70	-2.00
851.01	-5.00
851.32	1.00
851.64	-1.00
851.95	0.00
852.26	7.00
852.57	4.00
852.88	-3.00
853.19	3.00
853.50	4.00
853.81	-4.00
854.12	1.00
854.43	-1.00
854.74	2.00
855.05	1.00
855.36	4.00
855.67	7.00
855.97	4.00
856.28	2.00
856.59	-1.00
856.90	-1.00
857.21	-2.00
857.52	0.00
857.83	-1.00
858.14	4.00
858.45	2.00
858.76	5.00
859.07	-2.00
859.38	2.00
859.69	7.00
859.99	3.00
860.30	-3.00
860.61	8.00
860.92	0.00
861.23	0.00
861.54	5.00
861.85	3.00
862.15	-1.00
862.46	4.00
862.77	8.00
863.08	3.00
863.39	3.00
863.70	-1.00
864.00	3.00
864.31	2.00
864.62	-1.00
864.93	-1.00
865.24	4.00
865.54	3.00
865.85	-4.00
866.16	-5.00
866.47	10.00
866.77	8.00
867.08	4.00
867.39	-2.00
867.70	0.00
868.00	-6.00
868.31	-5.00
868.62	2.00
868.93	0.00
869.23	2.00
869.54	5.00
869.85	-3.00
870.15	-4.00
870.46	-5.00
870.77	-1.00
871.07	0.00
871.38	5.00
871.69	-1.00
871.99	0.00
872.30	-1.00
872.61	-1.00
872.91	1.00
873.22	5.00
873.53	0.00
873.83	4.00
874.14	10.00
874.45	5.00
874.75	-1.00
875.06	3.00
875.36	0.00
875.67	5.00
875.98	2.00
876.28	-1.00
876.59	3.00
876.89	1.00
877.20	2.00
877.50	3.00
877.81	2.00
878.12	0.00
878.42	5.00
878.73	4.00
879.03	0.00
879.34	9.00
879.64	2.00
879.95	-4.00
880.25	-10.00
880.56	-2.00
880.86	-2.00
881.17	-2.00
881.47	4.00
881.78	1.00
882.08	1.00
882.39	-1.00
882.69	4.00
883.00	3.00
883.30	-4.00
883.60	3.00
883.91	2.00
884.21	1.00
884.52	-3.00
884.82	-2.00
885.13	0.00
885.43	-1.00
885.73	3.00
886.04	3.00
886.34	-2.00
886.65	4.00
886.95	-6.00
887.25	5.00
887.56	2.00
887.86	-1.00
888.16	0.00
888.47	1.00
888.77	-2.00
889.07	3.00
889.38	0.00
889.68	3.00
889.98	4.00
890.29	3.00
890.59	1.00
890.89	-1.00
891.20	8.00
891.50	0.00
891.80	-1.00
892.10	6.00
892.41	1.00
892.71	10.00
893.01	13.00
893.32	6.00
893.62	-6.00
893.92	-1.00
894.22	11.00
894.52	1.00
894.83	-2.00
895.13	-2.00
895.43	1.00
895.73	6.00
896.04	2.00
896.34	0.00
896.64	4.00
896.94	7.00
897.24	-4.00
897.54	0.00
897.85	2.00
898.15	-3.00
898.45	0.00
898.75	-2.00
899.05	4.00
899.35	-1.00
899.66	5.00
899.96	8.00
900.26	-3.00
900.56	-1.00
900.86	5.00
901.16	4.00
901.46	10.00
901.76	4.00
902.06	4.00
902.36	8.00
902.67	8.00
902.97	3.00
903.27	-1.00
903.57	2.00
903.87	1.00
904.17	1.00
904.47	1.00
904.77	7.00
905.07	3.00
905.37	7.00
905.67	7.00
905.97	2.00
906.27	1.00
906.57	-1.00
906.87	3.00
907.17	8.00
907.47	-2.00
907.77	6.00
908.07	1.00
908.37	-7.00
908.67	1.00
908.97	7.00
909.27	-1.00
909.57	-1.00
909.87	6.00
910.16	1.00
910.46	2.00
910.76	2.00
911.06	-3.00
911.36	4.00
911.66	-4.00
911.96	-1.00
912.26	-1.00
912.56	0.00
912.86	2.00
913.15	-2.00
913.45	6.00
913.75	5.00
914.05	3.00
914.35	-2.00
914.65	1.00
914.94	4.00
915.24	2.00
915.54	2.00
915.84	4.00
916.14	-1.00
916.43	5.00
916.73	3.00
917.03	3.00
917.33	6.00
917.63	1.00
917.92	3.00
918.22	2.00
918.52	-5.00
918.82	-1.00
919.11	3.00
919.41	1.00
919.71	8.00
920.01	4.00
920.30	3.00
920.60	9.00
920.90	5.00
921.19	8.00
921.49	5.00
921.79	-4.00
922.09	0.00
922.38	-3.00
922.68	-6.00
922.98	2.00
923.27	6.00
923.57	1.00
923.86	-3.00
924.16	-8.00
924.46	2.00
924.75	-2.00
925.05	-4.00
925.35	-2.00
925.64	2.00
925.94	2.00
926.23	3.00
926.53	2.00
926.83	6.00
927.12	-2.00
927.42	2.00
927.71	-2.00
928.01	-2.00
928.30	6.00
928.60	3.00
928.90	-4.00
929.19	0.00
929.49	7.00
929.78	0.00
930.08	3.00
930.37	1.00
930.67	2.00
930.96	1.00
931.26	7.00
931.55	5.00
931.85	-3.00
932.14	2.00
932.44	1.00
932.73	2.00
933.03	6.00
933.32	0.00
933.61	2.00
933.91	1.00
934.20	0.00
934.50	4.00
934.79	2.00
935.09	1.00
935.38	3.00
935.67	3.00
935.97	-1.00
936.26	2.00
936.56	3.00
936.85	6.00
937.14	-5.00
937.44	3.00
937.73	6.00
938.02	-9.00
938.32	-3.00
938.61	4.00
938.90	3.00
939.20	3.00
939.49	8.00
939.78	-1.00
940.08	3.00
940.37	5.00
940.66	2.00
940.96	0.00
941.25	6.00
941.54	2.00
941.83	-13.00
942.13	6.00
942.42	2.00
942.71	5.00
943.00	5.00
943.30	-3.00
943.59	4.00
943.88	6.00
944.17	-2.00
944.47	2.00
944.76	-2.00
945.05	-1.00
945.34	0.00
945.63	-1.00
945.93	3.00
946.22	1.00
946.51	6.00
946.80	1.00
947.09	-1.00
947.38	2.00
947.68	5.00
947.97	-1.00
948.26	4.00
948.55	4.00
948.84	4.00
949.13	1.00
949.42	-1.00
949.71	2.00
950.01	-4.00
950.30	-5.00
950.59	3.00
950.88	-1.00
951.17	0.00
951.46	4.00
951.75	0.00
952.04	2.00
952.33	1.00
952.62	2.00
952.91	4.00
953.20	3.00
953.49	-6.00
953.78	-6.00
954.07	-1.00
954.36	-1.00
954.65	2.00
954.94	3.00
955.23	2.00
955.52	-7.00
955.81	1.00
956.10	2.00
956.39	7.00
956.68	-2.00
956.97	4.00
957.26	2.00
957.55	4.00
957.84	1.00
958.13	-5.00
958.42	-1.00
958.71	4.00
959.00	2.00
959.28	1.00
959.57	3.00
959.86	4.00
960.15	-2.00
960.44	0.00
960.73	2.00
961.02	7.00
961.31	-1.00
961.59	1.00
961.88	-5.00
962.17	-2.00
962.46	3.00
962.75	0.00
963.04	11.00
963.32	5.00
963.61	-5.00
963.90	6.00
964.19	0.00
964.48	-1.00
964.76	-1.00
965.05	-1.00
965.34	-4.00
965.63	-4.00
965.91	-9.00
966.20	1.00
966.49	1.00
966.78	0.00
967.06	-4.00
967.35	-1.00
967.64	6.00
967.92	-2.00
968.21	-3.00
968.50	-5.00
968.79	1.00
969.07	5.00
969.36	3.00
969.65	-3.00
969.93	1.00
970.22	-3.00
970.51	2.00
970.79	1.00
971.08	3.00
971.36	7.00
971.65	2.00
971.94	7.00
972.22	3.00
972.51	1.00
972.80	1.00
973.08	10.00
973.37	2.00
973.65	4.00
973.94	5.00
974.22	4.00
974.51	1.00
974.80	2.00
975.08	4.00
975.37	5.00
975.65	2.00
975.94	5.00
976.22	4.00
976.51	6.00
976.79	0.00
977.08	10.00
977.36	9.00
977.65	4.00
977.93	-2.00
978.22	1.00
978.50	-1.00
978.79	1.00
979.07	-4.00
979.36	0.00
979.64	0.00
979.92	3.00
980.21	0.00
980.49	8.00
980.78	3.00
981.06	6.00
981.35	2.00
981.63	0.00
981.91	-2.00
982.20	2.00
982.48	2.00
982.76	9.00
983.05	4.00
983.33	4.00
983.62	2.00
983.90	0.00
984.18	1.00
984.47	9.00
984.75	-2.00
985.03	1.00
985.32	1.00
985.60	-6.00
985.88	-3.00
986.16	0.00
986.45	1.00
986.73	6.00
987.01	-3.00
987.30	0.00
987.58	2.00
987.86	-1.00
988.14	4.00
988.43	10.00
988.71	4.00
988.99	-1.00
989.27	-1.00
989.56	1.00
989.84	2.00
990.12	-1.00
990.40	3.00
990.68	8.00
990.97	4.00
991.25	-1.00
991.53	2.00
991.81	3.00
992.09	-2.00
992.37	-4.00
992.65	-1.00
992.94	-1.00
993.22	-5.00
993.50	4.00
993.78	2.00
994.06	2.00
994.34	1.00
994.62	-1.00
994.90	1.00
995.19	4.00
995.47	3.00
995.75	3.00
996.03	-1.00
996.31	3.00
996.59	9.00
996.87	0.00
997.15	7.00
997.43	5.00
997.71	4.00
997.99	1.00
998.27	1.00
998.55	1.00
998.83	-1.00
999.11	-5.00
999.39	1.00
999.67	4.00
999.95	6.00
1000.23	4.00
1000.51	1.00
1000.79	-1.00
1001.07	1.00
1001.35	1.00
1001.63	5.00
1001.91	6.00
1002.19	3.00
1002.46	0.00
1002.74	9.00
1003.02	7.00
1003.30	1.00
1003.58	3.00
1003.86	4.00
1004.14	-5.00
1004.42	3.00
1004.70	4.00
1004.97	1.00
1005.25	-2.00
1005.53	-1.00
1005.81	1.00
1006.09	9.00
1006.37	1.00
1006.64	1.00
1006.92	-2.00
1007.20	3.00
1007.48	1.00
1007.76	4.00
1008.03	3.00
1008.31	-5.00
1008.59	-7.00
1008.87	-1.00
1009.15	-1.00
1009.42	0.00
1009.70	3.00
1009.98	1.00
1010.25	6.00
1010.53	4.00
1010.81	11.00
1011.09	16.00
1011.36	16.00
1011.64	3.00
1011.92	0.00
1012.19	1.00
1012.47	-2.00
1012.75	-2.00
1013.02	2.00
1013.30	2.00
1013.58	0.00
1013.85	2.00
1014.13	-2.00
1014.41	0.00
1014.68	0.00
1014.96	1.00
1015.24	2.00
1015.51	0.00
1015.79	3.00
1016.06	2.00
1016.34	4.00
1016.61	5.00
1016.89	7.00
1017.17	2.00
