340.36	0.00
340.73	4.00
341.11	1.00
341.48	-1.00
341.85	-2.00
342.22	-1.00
342.59	-1.00
342.96	-2.00
343.34	2.00
343.71	0.00
344.08	1.00
344.45	-1.00
344.82	-1.00
345.20	-2.00
345.57	3.00
345.94	5.00
346.31	-2.00
346.68	0.00
347.05	1.00
347.42	5.00
347.80	3.00
348.17	0.00
348.54	-1.00
348.91	0.00
349.28	0.00
349.65	2.00
350.02	3.00
350.40	2.00
350.77	2.00
351.14	4.00
351.51	-1.00
351.88	-2.00
352.25	1.00
352.62	0.00
352.99	0.00
353.37	1.00
353.74	-1.00
354.11	2.00
354.48	3.00
354.85	-1.00
355.22	-6.00
355.59	-2.00
355.96	-2.00
356.33	0.00
356.70	11.00
357.07	4.00
357.44	-3.00
357.82	-3.00
358.19	-6.00
358.56	-2.00
358.93	1.00
359.30	-8.00
359.67	2.00
360.04	2.00
360.41	8.00
360.78	3.00
361.15	-3.00
361.52	0.00
361.89	-4.00
362.26	-4.00
362.63	5.00
363.00	-2.00
363.37	-1.00
363.74	-6.00
364.11	-10.00
364.48	-11.00
364.85	3.00
365.22	-13.00
365.59	-9.00
365.96	-6.00
366.33	-1.00
366.70	7.00
367.07	-6.00
367.44	-4.00
367.81	5.00
368.18	3.00
368.55	5.00
368.92	2.00
369.29	-1.00
369.66	-1.00
370.03	1.00
370.40	2.00
370.77	-2.00
371.14	-1.00
371.51	-1.00
371.88	2.00
372.25	1.00
372.62	4.00
372.99	2.00
373.36	-3.00
373.73	1.00
374.10	7.00
374.47	-4.00
374.84	0.00
375.21	1.00
375.58	-1.00
375.95	-1.00
376.32	2.00
376.69	3.00
377.05	-2.00
377.42	-6.00
377.79	2.00
378.16	2.00
378.53	-3.00
378.90	-5.00
379.27	-4.00
379.64	1.00
380.01	8.00
380.38	5.00
380.75	0.00
381.11	-3.00
381.48	-1.00
381.85	4.00
382.22	-4.00
382.59	-4.00
382.96	-5.00
383.33	0.00
383.70	-5.00
384.06	0.00
384.43	4.00
384.80	-9.00
385.17	-5.00
385.54	-1.00
385.91	1.00
386.28	-5.00
386.64	-1.00
387.01	-1.00
387.38	4.00
387.75	2.00
388.12	7.00
388.49	4.00
388.85	6.00
389.22	2.00
389.59	2.00
389.96	0.00
390.33	0.00
390.70	-3.00
391.06	0.00
391.43	-8.00
391.80	6.00
392.17	3.00
392.54	5.00
392.90	2.00
393.27	-1.00
393.64	2.00
394.01	4.00
394.38	2.00
394.74	-2.00
395.11	0.00
395.48	-7.00
395.85	-1.00
396.21	-4.00
396.58	-9.00
396.95	-1.00
397.32	4.00
397.69	3.00
398.05	-3.00
398.42	-1.00
398.79	1.00
399.16	-1.00
399.52	3.00
399.89	3.00
400.26	11.00
400.62	0.00
400.99	3.00
401.36	0.00
401.73	9.00
402.09	8.00
402.46	6.00
402.83	0.00
403.20	12.00
403.56	14.00
403.93	8.00
404.30	15.00
404.66	15.00
405.03	20.00
405.40	24.00
405.76	21.00
406.13	22.00
406.50	28.00
406.86	27.00
407.23	32.00
407.60	32.00
407.97	33.00
408.33	34.00
408.70	38.00
409.07	33.00
409.43	40.00
409.80	32.00
410.17	60.00
410.53	36.00
410.90	53.00
411.26	58.00
411.63	62.00
412.00	59.00
412.36	67.00
412.73	67.00
413.10	66.00
413.46	64.00
413.83	72.00
414.20	72.00
414.56	79.00
414.93	75.00
415.29	77.00
415.66	96.00
416.03	88.00
416.39	92.00
416.76	88.00
417.12	100.00
417.49	106.00
417.86	113.00
418.22	115.00
418.59	128.00
418.95	128.00
419.32	129.00
419.68	146.00
420.05	151.00
420.42	157.00
420.78	162.00
421.15	170.00
421.51	183.00
421.88	188.00
422.24	194.00
422.61	214.00
422.97	219.00
423.34	238.00
423.71	256.00
424.07	260.00
424.44	265.00
424.80	294.00
425.17	302.00
425.53	303.00
425.90	305.00
426.26	332.00
426.63	330.00
426.99	345.00
427.36	370.00
427.72	403.00
428.09	391.00
428.45	428.00
428.82	407.00
429.18	410.00
429.55	445.00
429.91	449.00
430.28	455.00
430.64	471.00
431.01	503.00
431.37	479.00
431.74	487.00
432.10	499.00
432.47	505.00
432.83	509.00
433.19	528.00
433.56	587.00
433.92	545.00
434.29	562.00
434.65	612.00
435.02	551.00
435.38	517.00
435.75	509.00
436.11	570.00
436.47	613.00
436.84	636.00
437.20	676.00
437.57	730.00
437.93	766.00
438.30	728.00
438.66	758.00
439.02	723.00
439.39	736.00
439.75	693.00
440.12	726.00
440.48	662.00
440.84	651.00
441.21	647.00
441.57	630.00
441.94	620.00
442.30	595.00
442.66	581.00
443.03	584.00
443.39	564.00
443.75	584.00
444.12	552.00
444.48	587.00
444.84	551.00
445.21	548.00
445.57	540.00
445.93	543.00
446.30	540.00
446.66	550.00
447.02	525.00
447.39	523.00
447.75	521.00
448.11	513.00
448.48	488.00
448.84	496.00
449.20	494.00
449.57	454.00
449.93	462.00
450.29	475.00
450.66	457.00
451.02	439.00
451.38	440.00
451.75	439.00
452.11	424.00
452.47	373.00
452.83	425.00
453.20	416.00
453.56	423.00
453.92	424.00
454.28	406.00
454.65	420.00
455.01	393.00
455.37	389.00
455.74	418.00
456.10	402.00
456.46	405.00
456.82	401.00
457.19	363.00
457.55	365.00
457.91	359.00
458.27	361.00
458.63	363.00
459.00	366.00
459.36	378.00
459.72	339.00
460.08	337.00
460.45	323.00
460.81	332.00
461.17	311.00
461.53	328.00
461.89	323.00
462.26	313.00
462.62	313.00
462.98	318.00
463.34	319.00
463.70	334.00
464.06	322.00
464.43	328.00
464.79	317.00
465.15	329.00
465.51	312.00
465.87	334.00
466.23	341.00
466.60	350.00
466.96	342.00
467.32	332.00
467.68	348.00
468.04	352.00
468.40	355.00
468.77	372.00
469.13	370.00
469.49	363.00
469.85	382.00
470.21	396.00
470.57	371.00
470.93	400.00
471.29	413.00
471.65	388.00
472.02	392.00
472.38	402.00
472.74	415.00
473.10	421.00
473.46	401.00
473.82	419.00
474.18	437.00
474.54	405.00
474.90	393.00
475.26	412.00
475.62	406.00
475.98	405.00
476.35	380.00
476.71	374.00
477.07	390.00
477.43	389.00
477.79	405.00
478.15	416.00
478.51	396.00
478.87	399.00
479.23	389.00
479.59	400.00
479.95	401.00
480.31	406.00
480.67	403.00
481.03	428.00
481.39	421.00
481.75	430.00
482.11	427.00
482.47	445.00
482.83	431.00
483.19	446.00
483.55	441.00
483.91	445.00
484.27	442.00
484.63	449.00
484.99	443.00
485.35	449.00
485.71	468.00
486.07	451.00
486.43	440.00
486.79	435.00
487.15	429.00
487.51	427.00
487.87	424.00
488.23	416.00
488.59	423.00
488.95	401.00
489.31	395.00
489.66	393.00
490.02	397.00
490.38	360.00
490.74	369.00
491.10	347.00
491.46	341.00
491.82	331.00
492.18	322.00
492.54	318.00
492.90	298.00
493.26	304.00
493.61	289.00
493.97	286.00
494.33	278.00
494.69	274.00
495.05	264.00
495.41	259.00
495.77	261.00
496.13	263.00
496.49	242.00
496.84	235.00
497.20	245.00
497.56	223.00
497.92	223.00
498.28	227.00
498.64	207.00
499.00	205.00
499.35	194.00
499.71	185.00
500.07	191.00
500.43	185.00
500.79	175.00
501.14	173.00
501.50	172.00
501.86	153.00
502.22	156.00
502.58	141.00
502.94	147.00
503.29	132.00
503.65	132.00
504.01	133.00
504.37	124.00
504.73	112.00
505.08	107.00
505.44	102.00
505.80	93.00
506.16	83.00
506.51	85.00
506.87	77.00
507.23	74.00
507.59	67.00
507.94	64.00
508.30	59.00
508.66	63.00
509.02	54.00
509.37	48.00
509.73	50.00
510.09	39.00
510.45	34.00
510.80	41.00
511.16	30.00
511.52	24.00
511.87	36.00
512.23	25.00
512.59	23.00
512.95	18.00
513.30	20.00
513.66	23.00
514.02	16.00
514.37	21.00
514.73	14.00
515.09	9.00
515.44	16.00
515.80	13.00
516.16	11.00
516.51	8.00
516.87	12.00
517.23	7.00
517.58	1.00
517.94	14.00
518.30	14.00
518.65	1.00
519.01	8.00
519.37	4.00
519.72	10.00
520.08	6.00
520.43	6.00
520.79	8.00
521.15	4.00
521.50	15.00
521.86	8.00
522.22	7.00
522.57	2.00
522.93	12.00
523.28	2.00
523.64	8.00
524.00	6.00
524.35	0.00
524.71	3.00
525.06	2.00
525.42	-4.00
525.77	1.00
526.13	7.00
526.49	1.00
526.84	6.00
527.20	3.00
527.55	-5.00
527.91	7.00
528.26	-2.00
528.62	1.00
528.97	-5.00
529.33	6.00
529.68	3.00
530.04	4.00
530.40	-3.00
530.75	6.00
531.11	3.00
531.46	3.00
531.82	6.00
532.17	2.00
532.53	3.00
532.88	2.00
533.24	-1.00
533.59	5.00
533.95	4.00
534.30	0.00
534.65	7.00
535.01	2.00
535.36	1.00
535.72	0.00
536.07	-3.00
536.43	2.00
536.78	-7.00
537.14	2.00
537.49	2.00
537.85	-1.00
538.20	4.00
538.55	2.00
538.91	0.00
539.26	6.00
539.62	6.00
539.97	-6.00
540.33	0.00
540.68	7.00
541.03	0.00
541.39	1.00
541.74	8.00
542.10	5.00
542.45	6.00
542.80	0.00
543.16	3.00
543.51	-1.00
543.87	-1.00
544.22	1.00
544.57	4.00
544.93	1.00
545.28	3.00
545.63	6.00
545.99	2.00
546.34	5.00
546.69	1.00
547.05	3.00
547.40	7.00
547.75	8.00
548.11	0.00
548.46	2.00
548.81	6.00
549.17	6.00
549.52	5.00
549.87	2.00
550.23	0.00
550.58	6.00
550.93	4.00
551.29	7.00
551.64	10.00
551.99	15.00
552.35	7.00
552.70	2.00
553.05	6.00
553.40	6.00
553.76	2.00
554.11	2.00
554.46	10.00
554.81	3.00
555.17	0.00
555.52	-3.00
555.87	-3.00
556.22	-2.00
556.58	2.00
556.93	5.00
557.28	-2.00
557.63	-7.00
557.99	-2.00
558.34	2.00
558.69	11.00
559.04	14.00
559.39	3.00
559.75	12.00
560.10	0.00
560.45	-1.00
560.80	1.00
561.15	8.00
561.51	-6.00
561.86	0.00
562.21	4.00
562.56	3.00
562.91	5.00
563.27	3.00
563.62	1.00
563.97	0.00
564.32	5.00
564.67	2.00
565.02	4.00
565.37	-1.00
565.73	1.00
566.08	-6.00
566.43	5.00
566.78	11.00
567.13	6.00
567.48	4.00
567.83	6.00
568.18	3.00
568.54	-7.00
568.89	-8.00
569.24	4.00
569.59	5.00
569.94	2.00
570.29	1.00
570.64	2.00
570.99	5.00
571.34	12.00
571.69	5.00
572.04	6.00
572.39	10.00
572.75	-1.00
573.10	5.00
573.45	8.00
573.80	7.00
574.15	9.00
574.50	-1.00
574.85	7.00
575.20	6.00
575.55	-1.00
575.90	2.00
576.25	6.00
576.60	5.00
576.95	8.00
577.30	15.00
577.65	5.00
578.00	12.00
578.35	4.00
578.70	8.00
579.05	-1.00
579.40	5.00
579.75	1.00
580.10	6.00
580.45	5.00
580.80	7.00
581.15	5.00
581.50	0.00
581.85	1.00
582.20	-1.00
582.55	12.00
582.90	2.00
583.25	8.00
583.59	6.00
583.94	0.00
584.29	6.00
584.64	-1.00
584.99	9.00
585.34	-2.00
585.69	2.00
586.04	12.00
586.39	6.00
586.74	12.00
587.09	5.00
587.43	8.00
587.78	-3.00
588.13	15.00
588.48	7.00
588.83	5.00
589.18	9.00
589.53	12.00
589.88	6.00
590.22	7.00
590.57	8.00
590.92	8.00
591.27	4.00
591.62	13.00
591.97	5.00
592.32	8.00
592.66	7.00
593.01	7.00
593.36	10.00
593.71	1.00
594.06	6.00
594.40	6.00
594.75	8.00
595.10	7.00
595.45	9.00
595.80	16.00
596.14	7.00
596.49	4.00
596.84	10.00
597.19	9.00
597.54	1.00
597.88	15.00
598.23	12.00
598.58	8.00
598.93	4.00
599.27	11.00
599.62	8.00
599.97	3.00
600.32	14.00
600.66	5.00
601.01	6.00
601.36	-1.00
601.71	1.00
602.05	1.00
602.40	2.00
602.75	3.00
603.09	10.00
603.44	1.00
603.79	8.00
604.14	3.00
604.48	10.00
604.83	8.00
605.18	3.00
605.52	13.00
605.87	7.00
606.22	11.00
606.56	1.00
606.91	11.00
607.26	9.00
607.60	12.00
607.95	5.00
608.30	6.00
608.64	8.00
608.99	0.00
609.33	6.00
609.68	5.00
610.03	5.00
610.37	8.00
610.72	2.00
611.07	8.00
611.41	4.00
611.76	4.00
612.10	7.00
612.45	2.00
612.80	0.00
613.14	5.00
613.49	9.00
613.83	6.00
614.18	-1.00
614.52	4.00
614.87	3.00
615.22	5.00
615.56	4.00
615.91	-1.00
616.25	2.00
616.60	7.00
616.94	0.00
617.29	-2.00
617.63	4.00
617.98	3.00
618.32	2.00
618.67	7.00
619.02	2.00
619.36	4.00
619.71	-4.00
620.05	3.00
620.40	2.00
620.74	3.00
621.09	6.00
621.43	-3.00
621.78	-1.00
622.12	-1.00
622.46	-1.00
622.81	5.00
623.15	4.00
623.50	4.00
623.84	2.00
624.19	2.00
624.53	7.00
624.88	5.00
625.22	8.00
625.57	10.00
625.91	8.00
626.25	7.00
626.60	4.00
626.94	6.00
627.29	2.00
627.63	6.00
627.97	4.00
628.32	7.00
628.66	3.00
629.01	8.00
629.35	7.00
629.69	9.00
630.04	3.00
630.38	2.00
630.73	6.00
631.07	11.00
631.41	1.00
631.76	4.00
632.10	4.00
632.44	1.00
632.79	-5.00
633.13	6.00
633.47	-2.00
633.82	6.00
634.16	5.00
634.50	8.00
634.85	1.00
635.19	-4.00
635.53	2.00
635.88	8.00
636.22	3.00
636.56	2.00
636.91	-2.00
637.25	0.00
637.59	3.00
637.93	3.00
638.28	3.00
638.62	2.00
638.96	-1.00
639.30	2.00
639.65	-4.00
639.99	2.00
640.33	2.00
640.67	0.00
641.02	2.00
641.36	3.00
641.70	2.00
642.04	6.00
642.39	-1.00
642.73	-3.00
643.07	-1.00
643.41	3.00
643.75	2.00
644.10	8.00
644.44	2.00
644.78	-1.00
645.12	5.00
645.46	5.00
645.81	3.00
646.15	10.00
646.49	9.00
646.83	7.00
647.17	1.00
647.51	7.00
647.86	2.00
648.20	7.00
648.54	2.00
648.88	8.00
649.22	-7.00
649.56	-4.00
649.90	0.00
650.25	2.00
650.59	-1.00
650.93	-4.00
651.27	-3.00
651.61	7.00
651.95	2.00
652.29	2.00
652.63	0.00
652.97	3.00
653.32	-1.00
653.66	15.00
654.00	1.00
654.34	2.00
654.68	5.00
655.02	2.00
655.36	-3.00
655.70	0.00
656.04	0.00
656.38	-9.00
656.72	-1.00
657.06	7.00
657.40	2.00
657.74	7.00
658.08	1.00
658.42	-3.00
658.76	2.00
659.10	11.00
659.44	4.00
659.78	-3.00
660.12	7.00
660.46	2.00
660.80	-3.00
661.14	4.00
661.48	0.00
661.82	-3.00
662.16	4.00
662.50	-1.00
662.84	-4.00
663.18	1.00
663.52	-1.00
663.86	1.00
664.20	4.00
664.54	-1.00
664.88	3.00
665.22	-4.00
665.56	-3.00
665.90	3.00
666.23	-4.00
666.57	0.00
666.91	3.00
667.25	1.00
667.59	-5.00
667.93	7.00
668.27	-4.00
668.61	6.00
668.95	1.00
669.28	3.00
669.62	5.00
669.96	4.00
670.30	6.00
670.64	6.00
670.98	5.00
671.32	0.00
671.65	3.00
671.99	3.00
672.33	-3.00
672.67	4.00
673.01	2.00
673.35	-3.00
673.68	-2.00
674.02	3.00
674.36	3.00
674.70	-1.00
675.04	-1.00
675.37	1.00
675.71	1.00
676.05	-2.00
676.39	7.00
676.73	4.00
677.06	-1.00
677.40	5.00
677.74	7.00
678.08	6.00
678.41	3.00
678.75	-7.00
679.09	-1.00
679.43	2.00
679.76	-1.00
680.10	7.00
680.44	6.00
680.78	5.00
681.11	-2.00
681.45	5.00
681.79	6.00
682.12	-2.00
682.46	-1.00
682.80	-2.00
683.13	-3.00
683.47	1.00
683.81	-1.00
684.14	-1.00
684.48	2.00
684.82	-9.00
685.15	-8.00
685.49	-3.00
685.83	-1.00
686.16	6.00
686.50	-1.00
686.84	2.00
687.17	0.00
687.51	4.00
687.85	2.00
688.18	1.00
688.52	2.00
688.85	-4.00
689.19	3.00
689.53	-3.00
689.86	1.00
690.20	2.00
690.53	0.00
690.87	3.00
691.21	2.00
691.54	-2.00
691.88	2.00
692.21	9.00
692.55	4.00
692.88	6.00
693.22	1.00
693.55	-5.00
693.89	-4.00
694.23	4.00
694.56	1.00
694.90	2.00
695.23	2.00
695.57	2.00
695.90	-3.00
696.24	-5.00
696.57	1.00
696.91	-1.00
697.24	0.00
697.58	-2.00
697.91	5.00
698.25	1.00
698.58	2.00
698.92	-1.00
699.25	0.00
699.58	1.00
699.92	1.00
700.25	-5.00
700.59	9.00
700.92	-4.00
701.26	-6.00
701.59	-1.00
701.93	-6.00
702.26	0.00
702.59	4.00
702.93	-5.00
703.26	-5.00
703.60	3.00
703.93	7.00
704.26	2.00
704.60	0.00
704.93	1.00
705.27	5.00
705.60	-4.00
705.93	1.00
706.27	-1.00
706.60	-3.00
706.93	-3.00
707.27	-5.00
707.60	1.00
707.93	4.00
708.27	1.00
708.60	1.00
708.93	-3.00
709.27	0.00
709.60	-2.00
709.93	0.00
710.27	1.00
710.60	3.00
710.93	0.00
711.27	3.00
711.60	3.00
711.93	-6.00
712.26	-3.00
712.60	2.00
712.93	0.00
713.26	2.00
713.60	-1.00
713.93	-2.00
714.26	-6.00
714.59	1.00
714.93	4.00
715.26	-1.00
715.59	-4.00
715.92	2.00
716.26	-2.00
716.59	-7.00
716.92	0.00
717.25	-1.00
717.58	-4.00
717.92	5.00
718.25	1.00
718.58	-3.00
718.91	1.00
719.24	3.00
719.57	4.00
719.91	-1.00
720.24	2.00
720.57	-1.00
720.90	3.00
721.23	4.00
721.56	3.00
721.90	2.00
722.23	-10.00
722.56	-2.00
722.89	2.00
723.22	-3.00
723.55	2.00
723.88	2.00
724.21	6.00
724.55	-4.00
724.88	-8.00
725.21	3.00
725.54	-1.00
725.87	4.00
726.20	-4.00
726.53	0.00
726.86	1.00
727.19	-1.00
727.52	-6.00
727.85	1.00
728.18	-3.00
728.51	0.00
728.84	6.00
729.17	5.00
729.51	4.00
729.84	1.00
730.17	-2.00
730.50	4.00
730.83	2.00
731.16	7.00
731.49	1.00
731.82	-2.00
732.15	2.00
732.48	2.00
732.81	0.00
733.14	1.00
733.47	8.00
733.79	-1.00
734.12	-3.00
734.45	-1.00
734.78	-10.00
735.11	-4.00
735.44	0.00
735.77	-4.00
736.10	-6.00
736.43	-8.00
736.76	-5.00
737.09	-3.00
737.42	0.00
737.75	2.00
738.08	1.00
738.41	3.00
738.73	-2.00
739.06	-3.00
739.39	-2.00
739.72	-2.00
740.05	0.00
740.38	-2.00
740.71	-3.00
741.04	-3.00
741.36	2.00
741.69	0.00
742.02	1.00
742.35	-13.00
742.68	-5.00
743.01	4.00
743.33	1.00
743.66	3.00
743.99	0.00
744.32	0.00
744.65	-1.00
744.97	2.00
745.30	0.00
745.63	-1.00
745.96	-3.00
746.29	-1.00
746.61	-4.00
746.94	4.00
747.27	4.00
747.60	-3.00
747.92	-1.00
748.25	0.00
748.58	2.00
748.91	4.00
749.23	-6.00
749.56	11.00
749.89	-5.00
750.22	-5.00
750.54	-3.00
750.87	1.00
751.20	0.00
751.52	3.00
751.85	3.00
752.18	-3.00
752.51	5.00
752.83	-5.00
753.16	5.00
753.49	5.00
753.81	-3.00
754.14	5.00
754.47	-4.00
754.79	6.00
755.12	-2.00
755.44	0.00
755.77	5.00
756.10	0.00
756.42	-6.00
756.75	0.00
757.08	2.00
757.40	1.00
757.73	1.00
758.05	-2.00
758.38	-1.00
758.71	-7.00
759.03	1.00
759.36	-2.00
759.68	-3.00
760.01	1.00
760.33	-5.00
760.66	3.00
760.99	4.00
761.31	-7.00
761.64	0.00
761.96	-3.00
762.29	1.00
762.61	4.00
762.94	2.00
763.26	0.00
763.59	-2.00
763.91	-3.00
764.24	-1.00
764.56	6.00
764.89	-1.00
765.21	3.00
765.54	0.00
765.86	-5.00
766.19	2.00
766.51	2.00
766.84	2.00
767.16	-6.00
767.49	3.00
767.81	2.00
768.14	-2.00
768.46	-4.00
768.78	-6.00
769.11	-6.00
769.43	-5.00
769.76	1.00
770.08	9.00
770.40	6.00
770.73	0.00
771.05	2.00
771.38	-1.00
771.70	-5.00
772.02	-2.00
772.35	-1.00
772.67	-6.00
773.00	5.00
773.32	-2.00
773.64	7.00
773.97	-4.00
774.29	-1.00
774.61	7.00
774.94	2.00
775.26	1.00
775.58	0.00
775.91	3.00
776.23	-6.00
776.55	-1.00
776.88	2.00
777.20	7.00
777.52	3.00
777.84	2.00
778.17	2.00
778.49	-1.00
778.81	4.00
779.14	-4.00
779.46	-1.00
779.78	-1.00
780.10	1.00
780.43	-8.00
780.75	-2.00
781.07	4.00
781.39	2.00
781.72	4.00
782.04	3.00
782.36	-2.00
782.68	-2.00
783.00	0.00
783.33	-3.00
783.65	2.00
783.97	0.00
784.29	-2.00
784.61	2.00
784.94	1.00
785.26	-1.00
785.58	0.00
785.90	3.00
786.22	-3.00
786.54	1.00
786.86	-7.00
787.19	-1.00
787.51	-5.00
787.83	-7.00
788.15	-1.00
788.47	-5.00
788.79	-1.00
789.11	-2.00
789.43	-4.00
789.76	2.00
790.08	-1.00
790.40	-6.00
790.72	-9.00
791.04	-1.00
791.36	-3.00
791.68	-3.00
792.00	-3.00
792.32	0.00
792.64	-3.00
792.96	0.00
793.28	1.00
793.60	2.00
793.92	2.00
794.24	-1.00
794.56	-2.00
794.88	1.00
795.20	0.00
795.52	-1.00
795.84	-7.00
796.16	-7.00
796.48	-3.00
796.80	3.00
797.12	-1.00
797.44	-3.00
797.76	-1.00
798.08	1.00
798.40	-5.00
798.72	1.00
799.04	-3.00
799.36	-2.00
799.68	-1.00
800.00	-5.00
800.32	5.00
800.64	1.00
800.96	2.00
801.28	-1.00
801.60	-2.00
801.91	-1.00
802.23	0.00
802.55	-2.00
802.87	-8.00
803.19	2.00
803.51	-4.00
803.83	-3.00
804.15	1.00
804.46	-2.00
804.78	0.00
805.10	12.00
805.42	4.00
805.74	-4.00
806.06	-1.00
806.37	1.00
806.69	-2.00
807.01	3.00
807.33	-4.00
807.65	-2.00
807.96	-3.00
808.28	6.00
808.60	7.00
808.92	4.00
809.24	-1.00
809.55	0.00
809.87	-2.00
810.19	-3.00
810.51	1.00
810.82	-1.00
811.14	-7.00
811.46	3.00
811.78	3.00
812.09	2.00
812.41	5.00
812.73	2.00
813.05	-3.00
813.36	4.00
813.68	8.00
814.00	3.00
814.31	-4.00
814.63	0.00
814.95	1.00
815.26	7.00
815.58	1.00
815.90	6.00
816.21	7.00
816.53	3.00
816.85	3.00
817.16	-2.00
817.48	1.00
817.80	-1.00
818.11	8.00
818.43	-1.00
818.74	2.00
819.06	1.00
819.38	2.00
819.69	-1.00
820.01	0.00
820.32	-3.00
820.64	1.00
820.96	8.00
821.27	-2.00
821.59	6.00
821.90	2.00
822.22	1.00
822.53	-3.00
822.85	-2.00
823.16	-1.00
823.48	3.00
823.80	-4.00
824.11	1.00
824.43	-2.00
824.74	-2.00
825.06	0.00
825.37	-8.00
825.69	-2.00
826.00	3.00
826.32	-1.00
826.63	1.00
826.94	-2.00
827.26	-8.00
827.57	2.00
827.89	-2.00
828.20	1.00
828.52	-9.00
828.83	-3.00
829.15	1.00
829.46	-1.00
829.78	10.00
830.09	-6.00
830.40	4.00
830.72	-4.00
831.03	0.00
831.35	-6.00
831.66	0.00
831.97	-3.00
832.29	3.00
832.60	2.00
832.91	-4.00
833.23	2.00
833.54	-10.00
833.86	0.00
834.17	-3.00
834.48	-3.00
834.80	-2.00
835.11	5.00
835.42	0.00
835.74	-4.00
836.05	-3.00
836.36	-1.00
836.67	-2.00
836.99	-2.00
837.30	-4.00
837.61	6.00
837.93	4.00
838.24	2.00
838.55	-8.00
838.86	-1.00
839.18	-9.00
839.49	-4.00
839.80	-6.00
840.11	1.00
840.43	1.00
840.74	-2.00
841.05	-1.00
841.36	-1.00
841.68	0.00
841.99	3.00
842.30	-4.00
842.61	0.00
842.92	-1.00
843.24	4.00
843.55	1.00
843.86	0.00
844.17	8.00
844.48	0.00
844.79	2.00
845.11	-3.00
845.42	-5.00
845.73	-7.00
846.04	-6.00
846.35	-3.00
846.66	0.00
846.97	-2.00
847.29	-1.00
847.60	0.00
847.91	2.00
848.22	5.00
848.53	0.00
848.84	-4.00
849.15	-6.00
849.46	-6.00
849.77	-5.00
850.08	0.00
850.39	0.00
850.70	1.00
851.01	-2.00
851.32	-3.00
851.64	-1.00
851.95	1.00
852.26	4.00
852.57	4.00
852.88	0.00
853.19	2.00
853.50	-2.00
853.81	-1.00
854.12	2.00
854.43	-1.00
854.74	-1.00
855.05	-3.00
855.36	-1.00
855.67	-2.00
855.97	-2.00
856.28	3.00
856.59	-8.00
856.90	2.00
857.21	2.00
857.52	-5.00
857.83	-5.00
858.14	-3.00
858.45	-6.00
858.76	-6.00
859.07	-11.00
859.38	-1.00
859.69	-1.00
859.99	4.00
860.30	-6.00
860.61	5.00
860.92	-7.00
861.23	2.00
861.54	3.00
861.85	3.00
862.15	1.00
862.46	-6.00
862.77	-5.00
863.08	2.00
863.39	1.00
863.70	-9.00
864.00	-3.00
864.31	2.00
864.62	-4.00
864.93	-5.00
865.24	-5.00
865.54	4.00
865.85	-3.00
866.16	-3.00
866.47	-2.00
866.77	-3.00
867.08	-2.00
867.39	-2.00
867.70	5.00
868.00	4.00
868.31	-1.00
868.62	1.00
868.93	-4.00
869.23	0.00
869.54	5.00
869.85	2.00
870.15	-3.00
870.46	-4.00
870.77	0.00
871.07	-7.00
871.38	0.00
871.69	1.00
871.99	2.00
872.30	0.00
872.61	2.00
872.91	5.00
873.22	-5.00
873.53	3.00
873.83	-3.00
874.14	-2.00
874.45	-2.00
874.75	-4.00
875.06	-3.00
875.36	-4.00
875.67	-1.00
875.98	8.00
876.28	2.00
876.59	-2.00
876.89	-5.00
877.20	-3.00
877.50	-1.00
877.81	-1.00
878.12	0.00
878.42	3.00
878.73	4.00
879.03	-2.00
879.34	-4.00
879.64	0.00
879.95	-3.00
880.25	2.00
880.56	-1.00
880.86	-1.00
881.17	-6.00
881.47	-5.00
881.78	-1.00
882.08	-6.00
882.39	-7.00
882.69	5.00
883.00	-1.00
883.30	-2.00
883.60	-6.00
883.91	-2.00
884.21	3.00
884.52	4.00
884.82	-5.00
885.13	-3.00
885.43	7.00
885.73	6.00
886.04	2.00
886.34	-7.00
886.65	0.00
886.95	-3.00
887.25	-7.00
887.56	-1.00
887.86	-2.00
888.16	1.00
888.47	-4.00
888.77	1.00
889.07	1.00
889.38	7.00
889.68	2.00
889.98	4.00
890.29	-4.00
890.59	-3.00
890.89	-11.00
891.20	-5.00
891.50	-4.00
891.80	3.00
892.10	-2.00
892.41	-2.00
892.71	4.00
893.01	3.00
893.32	-4.00
893.62	-1.00
893.92	-2.00
894.22	2.00
894.52	-2.00
894.83	-1.00
895.13	-5.00
895.43	2.00
895.73	2.00
896.04	-7.00
896.34	-7.00
896.64	-4.00
896.94	1.00
897.24	-2.00
897.54	1.00
897.85	-5.00
898.15	-15.00
898.45	-9.00
898.75	-5.00
899.05	6.00
899.35	-4.00
899.66	1.00
899.96	-5.00
900.26	-3.00
900.56	0.00
900.86	-2.00
901.16	2.00
901.46	-1.00
901.76	-1.00
902.06	-1.00
902.36	12.00
902.67	-1.00
902.97	-1.00
903.27	-3.00
903.57	-7.00
903.87	-4.00
904.17	-7.00
904.47	2.00
904.77	0.00
905.07	-1.00
905.37	-3.00
905.67	-2.00
905.97	0.00
906.27	-3.00
906.57	1.00
906.87	-1.00
907.17	-3.00
907.47	2.00
907.77	2.00
908.07	-2.00
908.37	0.00
908.67	0.00
908.97	0.00
909.27	-7.00
909.57	-2.00
909.87	-6.00
910.16	-2.00
910.46	4.00
910.76	-5.00
911.06	-8.00
911.36	-3.00
911.66	3.00
911.96	3.00
912.26	-1.00
912.56	-2.00
912.86	3.00
913.15	-1.00
913.45	-1.00
913.75	-3.00
914.05	-1.00
914.35	-5.00
914.65	4.00
914.94	5.00
915.24	-1.00
915.54	-3.00
915.84	-3.00
916.14	-2.00
916.43	1.00
916.73	0.00
917.03	-4.00
917.33	-1.00
917.63	3.00
917.92	3.00
918.22	-3.00
918.52	-4.00
918.82	-4.00
919.11	5.00
919.41	-4.00
919.71	3.00
920.01	-1.00
920.30	0.00
920.60	2.00
920.90	3.00
921.19	1.00
921.49	7.00
921.79	3.00
922.09	-3.00
922.38	3.00
922.68	-3.00
922.98	-3.00
923.27	4.00
923.57	-9.00
923.86	-8.00
924.16	-2.00
924.46	-2.00
924.75	-1.00
925.05	-10.00
925.35	3.00
925.64	5.00
925.94	3.00
926.23	-8.00
926.53	-1.00
926.83	4.00
927.12	0.00
927.42	-1.00
927.71	-6.00
928.01	-3.00
928.30	-7.00
928.60	-1.00
928.90	-1.00
929.19	-5.00
929.49	-6.00
929.78	-1.00
930.08	-1.00
930.37	2.00
930.67	-12.00
930.96	3.00
931.26	-6.00
931.55	-5.00
931.85	-1.00
932.14	-3.00
932.44	2.00
932.73	-2.00
933.03	1.00
933.32	-1.00
933.61	-1.00
933.91	0.00
934.20	-6.00
934.50	2.00
934.79	6.00
935.09	-3.00
935.38	0.00
935.67	1.00
935.97	-3.00
936.26	0.00
936.56	-4.00
936.85	-5.00
937.14	3.00
937.44	6.00
937.73	1.00
938.02	2.00
938.32	-1.00
938.61	3.00
938.90	5.00
939.20	-1.00
939.49	3.00
939.78	-1.00
940.08	3.00
940.37	-2.00
940.66	8.00
940.96	3.00
941.25	4.00
941.54	3.00
941.83	-2.00
942.13	-2.00
942.42	-2.00
942.71	2.00
943.00	2.00
943.30	-1.00
943.59	-6.00
943.88	-3.00
944.17	-5.00
944.47	-7.00
944.76	-4.00
945.05	7.00
945.34	-4.00
945.63	0.00
945.93	-3.00
946.22	-2.00
946.51	-4.00
946.80	-2.00
947.09	-2.00
947.38	-1.00
947.68	-3.00
947.97	0.00
948.26	-2.00
948.55	3.00
948.84	-13.00
949.13	-10.00
949.42	-3.00
949.71	-2.00
950.01	-6.00
950.30	4.00
950.59	-2.00
950.88	-2.00
951.17	2.00
951.46	1.00
951.75	2.00
952.04	0.00
952.33	0.00
952.62	-4.00
952.91	-2.00
953.20	-2.00
953.49	-10.00
953.78	-4.00
954.07	-2.00
954.36	-1.00
954.65	0.00
954.94	-1.00
955.23	5.00
955.52	-1.00
955.81	0.00
956.10	3.00
956.39	1.00
956.68	1.00
956.97	-1.00
957.26	-2.00
957.55	-1.00
957.84	4.00
958.13	5.00
958.42	5.00
958.71	0.00
959.00	-3.00
959.28	-2.00
959.57	1.00
959.86	-1.00
960.15	1.00
960.44	0.00
960.73	-2.00
961.02	-2.00
961.31	4.00
961.59	-1.00
961.88	0.00
962.17	7.00
962.46	7.00
962.75	-3.00
963.04	-1.00
963.32	3.00
963.61	4.00
963.90	-3.00
964.19	-1.00
964.48	-9.00
964.76	-6.00
965.05	-1.00
965.34	0.00
965.63	-2.00
965.91	5.00
966.20	-1.00
966.49	-4.00
966.78	3.00
967.06	1.00
967.35	3.00
967.64	-1.00
967.92	0.00
968.21	-2.00
968.50	-5.00
968.79	-3.00
969.07	-1.00
969.36	-3.00
969.65	-4.00
969.93	0.00
970.22	0.00
970.51	-2.00
970.79	1.00
971.08	2.00
971.36	-5.00
971.65	-2.00
971.94	-2.00
972.22	-6.00
972.51	1.00
972.80	4.00
973.08	-2.00
973.37	1.00
973.65	1.00
973.94	-1.00
974.22	3.00
974.51	0.00
974.80	-1.00
975.08	-1.00
975.37	3.00
975.65	1.00
975.94	3.00
976.22	1.00
976.51	-5.00
976.79	-5.00
977.08	-2.00
977.36	0.00
977.65	5.00
977.93	2.00
978.22	-4.00
978.50	-1.00
978.79	1.00
979.07	-7.00
979.36	-2.00
979.64	-1.00
979.92	0.00
980.21	-1.00
980.49	5.00
980.78	2.00
981.06	1.00
981.35	0.00
981.63	1.00
981.91	-11.00
982.20	-3.00
982.48	-4.00
982.76	-7.00
983.05	3.00
983.33	5.00
983.62	-4.00
983.90	-5.00
984.18	1.00
984.47	3.00
984.75	-3.00
985.03	-4.00
985.32	2.00
985.60	-2.00
985.88	1.00
986.16	-5.00
986.45	-3.00
986.73	-4.00
987.01	0.00
987.30	-5.00
987.58	-4.00
987.86	4.00
988.14	-2.00
988.43	0.00
988.71	-1.00
988.99	3.00
989.27	0.00
989.56	-9.00
989.84	-9.00
990.12	-7.00
990.40	-2.00
990.68	6.00
990.97	-4.00
991.25	-4.00
991.53	0.00
991.81	0.00
992.09	-1.00
992.37	2.00
992.65	-2.00
992.94	-3.00
993.22	-1.00
993.50	1.00
993.78	-1.00
994.06	-3.00
994.34	-5.00
994.62	1.00
994.90	-1.00
995.19	-2.00
995.47	7.00
995.75	1.00
996.03	5.00
996.31	-1.00
996.59	-6.00
996.87	5.00
997.15	-1.00
997.43	-1.00
997.71	2.00
997.99	3.00
998.27	1.00
998.55	-7.00
998.83	0.00
999.11	0.00
999.39	-2.00
999.67	6.00
999.95	5.00
1000.23	-4.00
1000.51	3.00
1000.79	1.00
1001.07	-3.00
1001.35	0.00
1001.63	1.00
1001.91	2.00
1002.19	13.00
1002.46	3.00
1002.74	0.00
1003.02	0.00
1003.30	-4.00
1003.58	0.00
1003.86	1.00
1004.14	-1.00
1004.42	4.00
1004.70	-4.00
1004.97	4.00
1005.25	4.00
1005.53	-2.00
1005.81	1.00
1006.09	-5.00
1006.37	1.00
1006.64	-6.00
1006.92	1.00
1007.20	-2.00
1007.48	3.00
1007.76	3.00
1008.03	-7.00
1008.31	-3.00
1008.59	-3.00
1008.87	0.00
1009.15	4.00
1009.42	8.00
1009.70	-7.00
1009.98	-3.00
1010.25	7.00
1010.53	-6.00
1010.81	-6.00
1011.09	-8.00
1011.36	4.00
1011.64	5.00
1011.92	1.00
1012.19	-4.00
1012.47	1.00
1012.75	1.00
1013.02	0.00
1013.30	2.00
1013.58	0.00
1013.85	3.00
1014.13	0.00
1014.41	-10.00
1014.68	0.00
1014.96	-1.00
1015.24	9.00
1015.51	-3.00
1015.79	-1.00
1016.06	0.00
1016.34	5.00
1016.61	-3.00
1016.89	3.00
1017.17	0.00
