340.36	0.00
340.73	-4.00
341.11	-9.00
341.48	-10.00
341.85	-1.00
342.22	-6.00
342.59	-4.00
342.96	-6.00
343.34	-3.00
343.71	-4.00
344.08	-8.00
344.45	-10.00
344.82	-7.00
345.20	-8.00
345.57	0.00
345.94	-2.00
346.31	-8.00
346.68	-9.00
347.05	-4.00
347.42	0.00
347.80	-6.00
348.17	-10.00
348.54	-5.00
348.91	-7.00
349.28	-9.00
349.65	0.00
350.02	-7.00
350.40	-8.00
350.77	-8.00
351.14	-9.00
351.51	-2.00
351.88	-4.00
352.25	-6.00
352.62	-2.00
352.99	-7.00
353.37	-3.00
353.74	-5.00
354.11	-5.00
354.48	-4.00
354.85	-10.00
355.22	-8.00
355.59	-5.00
355.96	-7.00
356.33	-4.00
356.70	-3.00
357.07	-2.00
357.44	-6.00
357.82	-10.00
358.19	-8.00
358.56	-12.00
358.93	-6.00
359.30	-7.00
359.67	-6.00
360.04	-3.00
360.41	2.00
360.78	-3.00
361.15	-10.00
361.52	-11.00
361.89	-7.00
362.26	-12.00
362.63	-4.00
363.00	-8.00
363.37	-2.00
363.74	-17.00
364.11	-18.00
364.48	-14.00
364.85	-3.00
365.22	-18.00
365.59	-11.00
365.96	-11.00
366.33	-7.00
366.70	-5.00
367.07	-9.00
367.44	-15.00
367.81	-4.00
368.18	-6.00
368.55	-4.00
368.92	-5.00
369.29	-7.00
369.66	-8.00
370.03	-9.00
370.40	-5.00
370.77	-7.00
371.14	-11.00
371.51	-8.00
371.88	-7.00
372.25	-7.00
372.62	-3.00
372.99	-5.00
373.36	-8.00
373.73	-8.00
374.10	-4.00
374.47	-8.00
374.84	-7.00
375.21	-5.00
375.58	-5.00
375.95	-4.00
376.32	-4.00
376.69	-3.00
377.05	-4.00
377.42	-8.00
377.79	-5.00
378.16	-6.00
378.53	-5.00
378.90	-11.00
379.27	-6.00
379.64	2.00
380.01	1.00
380.38	-3.00
380.75	-9.00
381.11	-9.00
381.48	-4.00
381.85	-1.00
382.22	-9.00
382.59	-10.00
382.96	-13.00
383.33	-5.00
383.70	-6.00
384.06	-3.00
384.43	-5.00
384.80	-6.00
385.17	-7.00
385.54	-6.00
385.91	-7.00
386.28	-9.00
386.64	-8.00
387.01	-9.00
387.38	-5.00
387.75	-6.00
388.12	0.00
388.49	-7.00
388.85	-5.00
389.22	-4.00
389.59	-6.00
389.96	-1.00
390.33	-2.00
390.70	-2.00
391.06	-3.00
391.43	-9.00
391.80	-10.00
392.17	-3.00
392.54	-4.00
392.90	-3.00
393.27	-7.00
393.64	-6.00
394.01	-4.00
394.38	-1.00
394.74	1.00
395.11	-2.00
395.48	-10.00
395.85	-6.00
396.21	-11.00
396.58	-12.00
396.95	-1.00
397.32	-5.00
397.69	-6.00
398.05	-3.00
398.42	-9.00
398.79	-6.00
399.16	3.00
399.52	-7.00
399.89	-1.00
400.26	-3.00
400.62	-5.00
400.99	-3.00
401.36	-7.00
401.73	-7.00
402.09	-4.00
402.46	-2.00
402.83	-10.00
403.20	7.00
403.56	-6.00
403.93	-4.00
404.30	-8.00
404.66	-6.00
405.03	-1.00
405.40	-7.00
405.76	-4.00
406.13	-1.00
406.50	-7.00
406.86	-10.00
407.23	-6.00
407.60	-4.00
407.97	-3.00
408.33	-4.00
408.70	-6.00
409.07	-3.00
409.43	-6.00
409.80	-7.00
410.17	-7.00
410.53	-8.00
410.90	-6.00
411.26	-2.00
411.63	-1.00
412.00	7.00
412.36	2.00
412.73	-3.00
413.10	-2.00
413.46	-5.00
413.83	-5.00
414.20	0.00
414.56	-7.00
414.93	-4.00
415.29	-10.00
415.66	-2.00
416.03	-5.00
416.39	-9.00
416.76	-8.00
417.12	-5.00
417.49	-8.00
417.86	-1.00
418.22	-9.00
418.59	-4.00
418.95	-4.00
419.32	-3.00
419.68	-1.00
420.05	-5.00
420.42	-7.00
420.78	-3.00
421.15	-4.00
421.51	-1.00
421.88	-6.00
422.24	-1.00
422.61	-7.00
422.97	-11.00
423.34	-11.00
423.71	-3.00
424.07	-8.00
424.44	-8.00
424.80	-7.00
425.17	-2.00
425.53	-1.00
425.90	1.00
426.26	1.00
426.63	-2.00
426.99	-2.00
427.36	-2.00
427.72	1.00
428.09	-8.00
428.45	-10.00
428.82	-1.00
429.18	-5.00
429.55	-8.00
429.91	-4.00
430.28	-6.00
430.64	-10.00
431.01	-4.00
431.37	-2.00
431.74	-4.00
432.10	-1.00
432.47	-6.00
432.83	-5.00
433.19	-3.00
433.56	-4.00
433.92	-9.00
434.29	2.00
434.65	-6.00
435.02	-5.00
435.38	-2.00
435.75	-1.00
436.11	-6.00
436.47	-1.00
436.84	-5.00
437.20	-5.00
437.57	1.00
437.93	0.00
438.30	2.00
438.66	0.00
439.02	3.00
439.39	2.00
439.75	-1.00
440.12	5.00
440.48	-4.00
440.84	-2.00
441.21	-8.00
441.57	-3.00
441.94	1.00
442.30	4.00
442.66	-1.00
443.03	-7.00
443.39	-1.00
443.75	2.00
444.12	-7.00
444.48	-4.00
444.84	1.00
445.21	2.00
445.57	5.00
445.93	1.00
446.30	1.00
446.66	1.00
447.02	-3.00
447.39	-1.00
447.75	3.00
448.11	1.00
448.48	1.00
448.84	1.00
449.20	11.00
449.57	-2.00
449.93	3.00
450.29	2.00
450.66	3.00
451.02	2.00
451.38	-2.00
451.75	-7.00
452.11	2.00
452.47	-1.00
452.83	2.00
453.20	7.00
453.56	2.00
453.92	5.00
454.28	5.00
454.65	6.00
455.01	7.00
455.37	1.00
455.74	4.00
456.10	1.00
456.46	2.00
456.82	6.00
457.19	3.00
457.55	1.00
457.91	15.00
458.27	7.00
458.63	9.00
459.00	5.00
459.36	7.00
459.72	10.00
460.08	3.00
460.45	2.00
460.81	6.00
461.17	3.00
461.53	11.00
461.89	9.00
462.26	15.00
462.62	12.00
462.98	12.00
463.34	12.00
463.70	17.00
464.06	19.00
464.43	20.00
464.79	18.00
465.15	23.00
465.51	15.00
465.87	25.00
466.23	29.00
466.60	33.00
466.96	36.00
467.32	35.00
467.68	35.00
468.04	37.00
468.40	44.00
468.77	46.00
469.13	59.00
469.49	63.00
469.85	65.00
470.21	81.00
470.57	77.00
470.93	96.00
471.29	101.00
471.65	107.00
472.02	110.00
472.38	122.00
472.74	126.00
473.10	145.00
473.46	136.00
473.82	166.00
474.18	165.00
474.54	149.00
474.90	153.00
475.26	190.00
475.62	178.00
475.98	210.00
476.35	197.00
476.71	201.00
477.07	228.00
477.43	231.00
477.79	249.00
478.15	252.00
478.51	263.00
478.87	274.00
479.23	280.00
479.59	290.00
479.95	299.00
480.31	318.00
480.67	323.00
481.03	349.00
481.39	347.00
481.75	351.00
482.11	382.00
482.47	389.00
482.83	390.00
483.19	405.00
483.55	422.00
483.91	431.00
484.27	437.00
484.63	441.00
484.99	456.00
485.35	468.00
485.71	485.00
486.07	482.00
486.43	470.00
486.79	465.00
487.15	475.00
487.51	464.00
487.87	467.00
488.23	463.00
488.59	459.00
488.95	479.00
489.31	457.00
489.66	454.00
490.02	452.00
490.38	443.00
490.74	440.00
491.10	418.00
491.46	402.00
491.82	392.00
492.18	393.00
492.54	367.00
492.90	367.00
493.26	380.00
493.61	352.00
493.97	352.00
494.33	355.00
494.69	353.00
495.05	350.00
495.41	367.00
495.77	341.00
496.13	336.00
496.49	325.00
496.84	327.00
497.20	332.00
497.56	318.00
497.92	328.00
498.28	332.00
498.64	314.00
499.00	316.00
499.35	321.00
499.71	312.00
500.07	314.00
500.43	319.00
500.79	306.00
501.14	301.00
501.50	306.00
501.86	302.00
502.22	293.00
502.58	288.00
502.94	301.00
503.29	295.00
503.65	297.00
504.01	304.00
504.37	297.00
504.73	295.00
505.08	290.00
505.44	288.00
505.80	292.00
506.16	291.00
506.51	286.00
506.87	289.00
507.23	301.00
507.59	308.00
507.94	286.00
508.30	292.00
508.66	294.00
509.02	292.00
509.37	288.00
509.73	293.00
510.09	297.00
510.45	296.00
510.80	304.00
511.16	279.00
511.52	290.00
511.87	292.00
512.23	282.00
512.59	297.00
512.95	290.00
513.30	285.00
513.66	293.00
514.02	284.00
514.37	289.00
514.73	275.00
515.09	275.00
515.44	288.00
515.80	280.00
516.16	280.00
516.51	276.00
516.87	285.00
517.23	268.00
517.58	259.00
517.94	275.00
518.30	266.00
518.65	258.00
519.01	261.00
519.37	257.00
519.72	277.00
520.08	260.00
520.43	250.00
520.79	255.00
521.15	248.00
521.50	269.00
521.86	257.00
522.22	256.00
522.57	252.00
522.93	252.00
523.28	248.00
523.64	248.00
524.00	245.00
524.35	242.00
524.71	242.00
525.06	248.00
525.42	248.00
525.77	237.00
526.13	251.00
526.49	237.00
526.84	250.00
527.20	260.00
527.55	252.00
527.91	249.00
528.26	256.00
528.62	254.00
528.97	251.00
529.33	249.00
529.68	262.00
530.04	271.00
530.40	274.00
530.75	294.00
531.11	292.00
531.46	302.00
531.82	332.00
532.17	319.00
532.53	322.00
532.88	333.00
533.24	331.00
533.59	337.00
533.95	341.00
534.30	347.00
534.65	361.00
535.01	369.00
535.36	388.00
535.72	395.00
536.07	381.00
536.43	413.00
536.78	410.00
537.14	431.00
537.49	453.00
537.85	465.00
538.20	470.00
538.55	489.00
538.91	488.00
539.26	502.00
539.62	511.00
539.97	514.00
540.33	530.00
540.68	538.00
541.03	553.00
541.39	569.00
541.74	607.00
542.10	621.00
542.45	641.00
542.80	698.00
543.16	756.00
543.51	825.00
543.87	920.00
544.22	1006.00
544.57	1108.00
544.93	1174.00
545.28	1216.00
545.63	1174.00
545.99	1165.00
546.34	1233.00
546.69	1307.00
547.05	1337.00
547.40	1371.00
547.75	1351.00
548.11	1402.00
548.46	1415.00
548.81	1422.00
549.17	1414.00
549.52	1443.00
549.87	1399.00
550.23	1377.00
550.58	1305.00
550.93	1296.00
551.29	1254.00
551.64	1216.00
551.99	1189.00
552.35	1132.00
552.70	1096.00
553.05	1045.00
553.40	1031.00
553.76	978.00
554.11	945.00
554.46	920.00
554.81	894.00
555.17	844.00
555.52	813.00
555.87	789.00
556.22	758.00
556.58	717.00
556.93	720.00
557.28	695.00
557.63	659.00
557.99	658.00
558.34	639.00
558.69	634.00
559.04	617.00
559.39	586.00
559.75	583.00
560.10	572.00
560.45	540.00
560.80	549.00
561.15	539.00
561.51	528.00
561.86	519.00
562.21	524.00
562.56	489.00
562.91	490.00
563.27	461.00
563.62	452.00
563.97	435.00
564.32	437.00
564.67	429.00
565.02	409.00
565.37	407.00
565.73	394.00
566.08	389.00
566.43	388.00
566.78	388.00
567.13	399.00
567.48	386.00
567.83	398.00
568.18	391.00
568.54	391.00
568.89	400.00
569.24	412.00
569.59	431.00
569.94	438.00
570.29	468.00
570.64	489.00
570.99	493.00
571.34	512.00
571.69	517.00
572.04	535.00
572.39	568.00
572.75	596.00
573.10	593.00
573.45	608.00
573.80	639.00
574.15	644.00
574.50	624.00
574.85	614.00
575.20	610.00
575.55	615.00
575.90	605.00
576.25	588.00
576.60	574.00
576.95	551.00
577.30	548.00
577.65	534.00
578.00	524.00
578.35	500.00
578.70	468.00
579.05	448.00
579.40	435.00
579.75	395.00
580.10	384.00
580.45	389.00
580.80	369.00
581.15	344.00
581.50	344.00
581.85	317.00
582.20	293.00
582.55	299.00
582.90	272.00
583.25	265.00
583.59	249.00
583.94	237.00
584.29	219.00
584.64	202.00
584.99	199.00
585.34	181.00
585.69	176.00
586.04	163.00
586.39	153.00
586.74	140.00
587.09	131.00
587.43	128.00
587.78	105.00
588.13	120.00
588.48	104.00
588.83	96.00
589.18	88.00
589.53	89.00
589.88	83.00
590.22	76.00
590.57	69.00
590.92	59.00
591.27	62.00
591.62	62.00
591.97	55.00
592.32	49.00
592.66	50.00
593.01	48.00
593.36	40.00
593.71	36.00
594.06	39.00
594.40	34.00
594.75	30.00
595.10	32.00
595.45	17.00
595.80	30.00
596.14	22.00
596.49	19.00
596.84	21.00
597.19	24.00
597.54	12.00
597.88	16.00
598.23	19.00
598.58	9.00
598.93	10.00
599.27	10.00
599.62	0.00
599.97	4.00
600.32	4.00
600.66	8.00
601.01	6.00
601.36	6.00
601.71	9.00
602.05	2.00
602.40	7.00
602.75	-2.00
603.09	-2.00
603.44	-3.00
603.79	-3.00
604.14	3.00
604.48	5.00
604.83	7.00
605.18	1.00
605.52	4.00
605.87	5.00
606.22	2.00
606.56	-2.00
606.91	1.00
607.26	1.00
607.60	0.00
607.95	-1.00
608.30	-3.00
608.64	-4.00
608.99	-8.00
609.33	-3.00
609.68	-9.00
610.03	-7.00
610.37	1.00
610.72	-8.00
611.07	5.00
611.41	-8.00
611.76	-2.00
612.10	-3.00
612.45	-8.00
612.80	-4.00
613.14	-1.00
613.49	0.00
613.83	1.00
614.18	-5.00
614.52	-2.00
614.87	-10.00
615.22	-1.00
615.56	-8.00
615.91	-4.00
616.25	2.00
616.60	-2.00
616.94	-8.00
617.29	-4.00
617.63	-3.00
617.98	-4.00
618.32	-5.00
618.67	1.00
619.02	0.00
619.36	-3.00
619.71	-11.00
620.05	-4.00
620.40	-2.00
620.74	-6.00
621.09	-6.00
621.43	-11.00
621.78	-7.00
622.12	-9.00
622.46	-7.00
622.81	-5.00
623.15	-3.00
623.50	-1.00
623.84	-6.00
624.19	-8.00
624.53	-5.00
624.88	-8.00
625.22	4.00
625.57	-1.00
625.91	-2.00
626.25	0.00
626.60	-7.00
626.94	-8.00
627.29	-9.00
627.63	-1.00
627.97	-5.00
628.32	1.00
628.66	-4.00
629.01	-6.00
629.35	-4.00
629.69	-1.00
630.04	-2.00
630.38	-8.00
630.73	-8.00
631.07	-5.00
631.41	-3.00
631.76	0.00
632.10	0.00
632.44	-8.00
632.79	-10.00
633.13	-6.00
633.47	-5.00
633.82	-7.00
634.16	-1.00
634.50	4.00
634.85	-5.00
635.19	-14.00
635.53	-9.00
635.88	-7.00
636.22	-11.00
636.56	-2.00
636.91	-10.00
637.25	-14.00
637.59	-1.00
637.93	-2.00
638.28	-7.00
638.62	-1.00
638.96	-4.00
639.30	-9.00
639.65	-8.00
639.99	-4.00
640.33	-4.00
640.67	-4.00
641.02	-4.00
641.36	-9.00
641.70	-9.00
642.04	-5.00
642.39	-13.00
642.73	-10.00
643.07	-13.00
643.41	-10.00
643.75	-6.00
644.10	-3.00
644.44	-3.00
644.78	-4.00
645.12	-6.00
645.46	-2.00
645.81	-4.00
646.15	-3.00
646.49	-3.00
646.83	-3.00
647.17	-3.00
647.51	-1.00
647.86	-10.00
648.20	-4.00
648.54	-4.00
648.88	-3.00
649.22	-8.00
649.56	-6.00
649.90	-8.00
650.25	-6.00
650.59	-8.00
650.93	-11.00
651.27	-9.00
651.61	-1.00
651.95	-9.00
652.29	-1.00
652.63	-9.00
652.97	-7.00
653.32	-7.00
653.66	0.00
654.00	-11.00
654.34	-7.00
654.68	-5.00
655.02	-5.00
655.36	-4.00
655.70	-10.00
656.04	-6.00
656.38	-13.00
656.72	-9.00
657.06	-2.00
657.40	-10.00
657.74	-8.00
658.08	-8.00
658.42	-7.00
658.76	-4.00
659.10	0.00
659.44	-4.00
659.78	-6.00
660.12	-9.00
660.46	-3.00
660.80	-6.00
661.14	-5.00
661.48	-7.00
661.82	-8.00
662.16	-4.00
662.50	-7.00
662.84	-13.00
663.18	-5.00
663.52	-2.00
663.86	1.00
664.20	-9.00
664.54	-7.00
664.88	-4.00
665.22	-8.00
665.56	-8.00
665.90	-4.00
666.23	-14.00
666.57	-3.00
666.91	-13.00
667.25	-8.00
667.59	-9.00
667.93	-7.00
668.27	-7.00
668.61	-11.00
668.95	-15.00
669.28	-10.00
669.62	1.00
669.96	-5.00
670.30	0.00
670.64	-3.00
670.98	-8.00
671.32	-4.00
671.65	-3.00
671.99	-1.00
672.33	-7.00
672.67	-4.00
673.01	-3.00
673.35	-6.00
673.68	-11.00
674.02	-5.00
674.36	-7.00
674.70	-7.00
675.04	-8.00
675.37	-3.00
675.71	-2.00
676.05	-10.00
676.39	-6.00
676.73	-5.00
677.06	-10.00
677.40	-5.00
677.74	-3.00
678.08	-3.00
678.41	1.00
678.75	-1.00
679.09	-2.00
679.43	-1.00
679.76	-3.00
680.10	0.00
680.44	-5.00
680.78	-5.00
681.11	-15.00
681.45	-8.00
681.79	0.00
682.12	-8.00
682.46	-4.00
682.80	-11.00
683.13	-6.00
683.47	-6.00
683.81	-10.00
684.14	-9.00
684.48	-6.00
684.82	-14.00
685.15	-9.00
685.49	-6.00
685.83	-4.00
686.16	-3.00
686.50	-6.00
686.84	-7.00
687.17	-7.00
687.51	0.00
687.85	-5.00
688.18	-5.00
688.52	-3.00
688.85	-6.00
689.19	-8.00
689.53	-3.00
689.86	-3.00
690.20	-6.00
690.53	-4.00
690.87	0.00
691.21	-8.00
691.54	-9.00
691.88	-6.00
692.21	0.00
692.55	-1.00
692.88	1.00
693.22	-5.00
693.55	-9.00
693.89	-7.00
694.23	-7.00
694.56	-2.00
694.90	-5.00
695.23	-6.00
695.57	-7.00
695.90	-6.00
696.24	-13.00
696.57	-8.00
696.91	-7.00
697.24	-5.00
697.58	-10.00
697.91	-1.00
698.25	-3.00
698.58	-11.00
698.92	-8.00
699.25	-6.00
699.58	-3.00
699.92	-5.00
700.25	-4.00
700.59	-1.00
700.92	-14.00
701.26	-6.00
701.59	-7.00
701.93	-11.00
702.26	-5.00
702.59	-1.00
702.93	-7.00
703.26	-8.00
703.60	-10.00
703.93	-6.00
704.26	-6.00
704.60	-11.00
704.93	-6.00
705.27	2.00
705.60	-10.00
705.93	-7.00
706.27	-4.00
706.60	-10.00
706.93	-4.00
707.27	-6.00
707.60	-3.00
707.93	-5.00
708.27	-11.00
708.60	-7.00
708.93	-14.00
709.27	-9.00
709.60	-7.00
709.93	-13.00
710.27	-8.00
710.60	-7.00
710.93	-4.00
711.27	-5.00
711.60	-7.00
711.93	-7.00
712.26	-4.00
712.60	-12.00
712.93	-4.00
713.26	-4.00
713.60	-8.00
713.93	-7.00
714.26	-6.00
714.59	-9.00
714.93	-7.00
715.26	-7.00
715.59	-8.00
715.92	-10.00
716.26	-2.00
716.59	-7.00
716.92	-3.00
717.25	-5.00
717.58	-10.00
717.92	-5.00
718.25	-12.00
718.58	-8.00
718.91	-1.00
719.24	-3.00
719.57	0.00
719.91	-8.00
720.24	-4.00
720.57	-4.00
720.90	-8.00
721.23	-5.00
721.56	-5.00
721.90	-9.00
722.23	-13.00
722.56	-6.00
722.89	-3.00
723.22	-9.00
723.55	-6.00
723.88	-3.00
724.21	-12.00
724.55	-5.00
724.88	-16.00
725.21	-5.00
725.54	-6.00
725.87	-5.00
726.20	-11.00
726.53	-7.00
726.86	-1.00
727.19	-10.00
727.52	-12.00
727.85	-9.00
728.18	-5.00
728.51	-9.00
728.84	-4.00
729.17	-1.00
729.51	-1.00
729.84	-6.00
730.17	-9.00
730.50	-2.00
730.83	-3.00
731.16	-3.00
731.49	-9.00
731.82	-5.00
732.15	-4.00
732.48	0.00
732.81	-10.00
733.14	-8.00
733.47	-1.00
733.79	-5.00
734.12	-2.00
734.45	-12.00
734.78	-16.00
735.11	-8.00
735.44	-6.00
735.77	-11.00
736.10	-7.00
736.43	-12.00
736.76	-9.00
737.09	-7.00
737.42	-6.00
737.75	-8.00
738.08	-9.00
738.41	-4.00
738.73	-4.00
739.06	1.00
739.39	-4.00
739.72	-3.00
740.05	-6.00
740.38	-2.00
740.71	2.00
741.04	-13.00
741.36	-8.00
741.69	-9.00
742.02	-8.00
742.35	-12.00
742.68	-9.00
743.01	-3.00
743.33	-3.00
743.66	-5.00
743.99	-1.00
744.32	-2.00
744.65	-6.00
744.97	4.00
745.30	-1.00
745.63	-8.00
745.96	-5.00
746.29	-5.00
746.61	-7.00
746.94	-3.00
747.27	-12.00
747.60	-16.00
747.92	-15.00
748.25	-8.00
748.58	-4.00
748.91	-2.00
749.23	-5.00
749.56	8.00
749.89	-11.00
750.22	-8.00
750.54	-3.00
750.87	-4.00
751.20	-8.00
751.52	-5.00
751.85	-9.00
752.18	-10.00
752.51	2.00
752.83	-7.00
753.16	-4.00
753.49	-9.00
753.81	-5.00
754.14	-4.00
754.47	-20.00
754.79	-12.00
755.12	-6.00
755.44	-8.00
755.77	-4.00
756.10	-7.00
756.42	-7.00
756.75	-3.00
757.08	-7.00
757.40	-1.00
757.73	-5.00
758.05	-4.00
758.38	-12.00
758.71	-13.00
759.03	-6.00
759.36	-5.00
759.68	-2.00
760.01	-1.00
760.33	-10.00
760.66	-5.00
760.99	0.00
761.31	-14.00
761.64	-17.00
761.96	-8.00
762.29	-11.00
762.61	-2.00
762.94	0.00
763.26	-4.00
763.59	-12.00
763.91	-11.00
764.24	-7.00
764.56	-3.00
764.89	0.00
765.21	-4.00
765.54	-4.00
765.86	-9.00
766.19	-8.00
766.51	-5.00
766.84	-8.00
767.16	-13.00
767.49	-3.00
767.81	-7.00
768.14	-6.00
768.46	2.00
768.78	-2.00
769.11	-11.00
769.43	-4.00
769.76	-7.00
770.08	-4.00
770.40	-3.00
770.73	-8.00
771.05	-6.00
771.38	-6.00
771.70	-6.00
772.02	-2.00
772.35	-9.00
772.67	-7.00
773.00	-2.00
773.32	-4.00
773.64	-7.00
773.97	-11.00
774.29	-8.00
774.61	0.00
774.94	-5.00
775.26	-7.00
775.58	-5.00
775.91	-4.00
776.23	-8.00
776.55	-6.00
776.88	-4.00
777.20	0.00
777.52	-8.00
777.84	-9.00
778.17	-5.00
778.49	-8.00
778.81	-6.00
779.14	-8.00
779.46	-4.00
779.78	-12.00
780.10	0.00
780.43	-10.00
780.75	-8.00
781.07	0.00
781.39	-2.00
781.72	-7.00
782.04	-3.00
782.36	-3.00
782.68	-5.00
783.00	-6.00
783.33	-5.00
783.65	-3.00
783.97	-2.00
784.29	-8.00
784.61	-3.00
784.94	-3.00
785.26	-4.00
785.58	-6.00
785.90	-8.00
786.22	-8.00
786.54	-7.00
786.86	-9.00
787.19	-5.00
787.51	-14.00
787.83	-8.00
788.15	-5.00
788.47	-6.00
788.79	0.00
789.11	-12.00
789.43	-12.00
789.76	-8.00
790.08	-5.00
790.40	-6.00
790.72	-9.00
791.04	-7.00
791.36	-10.00
791.68	-15.00
792.00	-10.00
792.32	-4.00
792.64	-9.00
792.96	-4.00
793.28	-10.00
793.60	-8.00
793.92	-7.00
794.24	-6.00
794.56	-1.00
794.88	-4.00
795.20	-6.00
795.52	-5.00
795.84	-11.00
796.16	0.00
796.48	-2.00
796.80	-7.00
797.12	-6.00
797.44	-10.00
797.76	-8.00
798.08	-8.00
798.40	-7.00
798.72	-6.00
799.04	-10.00
799.36	-11.00
799.68	-7.00
800.00	-9.00
800.32	-7.00
800.64	-4.00
800.96	-2.00
801.28	-2.00
801.60	-6.00
801.91	-6.00
802.23	-4.00
802.55	-10.00
802.87	-9.00
803.19	-6.00
803.51	-6.00
803.83	-10.00
804.15	-3.00
804.46	-11.00
804.78	-1.00
805.10	1.00
805.42	-3.00
805.74	-8.00
806.06	-3.00
806.37	-1.00
806.69	-10.00
807.01	-3.00
807.33	0.00
807.65	-5.00
807.96	-15.00
808.28	-5.00
808.60	-5.00
808.92	-7.00
809.24	-5.00
809.55	-8.00
809.87	-10.00
810.19	-6.00
810.51	-7.00
810.82	-5.00
811.14	-8.00
811.46	-7.00
811.78	-10.00
812.09	-7.00
812.41	-5.00
812.73	-9.00
813.05	-10.00
813.36	-5.00
813.68	-6.00
814.00	0.00
814.31	-17.00
814.63	-6.00
814.95	-4.00
815.26	-4.00
815.58	-3.00
815.90	1.00
816.21	1.00
816.53	-7.00
816.85	-1.00
817.16	-1.00
817.48	-4.00
817.80	-7.00
818.11	0.00
818.43	-10.00
818.74	-4.00
819.06	-9.00
819.38	-1.00
819.69	-6.00
820.01	2.00
820.32	-9.00
820.64	-8.00
820.96	-1.00
821.27	-11.00
821.59	0.00
821.90	-5.00
822.22	-5.00
822.53	-3.00
822.85	-10.00
823.16	-13.00
823.48	-7.00
823.80	-7.00
824.11	-4.00
824.43	-7.00
824.74	-7.00
825.06	-7.00
825.37	-14.00
825.69	-3.00
826.00	-7.00
826.32	-4.00
826.63	-7.00
826.94	-6.00
827.26	-6.00
827.57	-4.00
827.89	-8.00
828.20	-5.00
828.52	-6.00
828.83	-5.00
829.15	-3.00
829.46	-4.00
829.78	-1.00
830.09	-15.00
830.40	-17.00
830.72	-12.00
831.03	-7.00
831.35	-7.00
831.66	-7.00
831.97	-7.00
832.29	-7.00
832.60	-7.00
832.91	-11.00
833.23	-7.00
833.54	-8.00
833.86	-2.00
834.17	-8.00
834.48	-9.00
834.80	-4.00
835.11	3.00
835.42	-5.00
835.74	-9.00
836.05	-13.00
836.36	-3.00
836.67	-8.00
836.99	-4.00
837.30	-5.00
837.61	2.00
837.93	-1.00
838.24	-5.00
838.55	-6.00
838.86	-5.00
839.18	-12.00
839.49	-9.00
839.80	-10.00
840.11	-5.00
840.43	-7.00
840.74	-5.00
841.05	-1.00
841.36	-1.00
841.68	-3.00
841.99	-8.00
842.30	-1.00
842.61	-2.00
842.92	-11.00
843.24	-7.00
843.55	-7.00
843.86	-3.00
844.17	1.00
844.48	-9.00
844.79	-5.00
845.11	-7.00
845.42	-4.00
845.73	-11.00
846.04	-14.00
846.35	-9.00
846.66	-5.00
846.97	-11.00
847.29	-11.00
847.60	-8.00
847.91	-8.00
848.22	-6.00
848.53	-11.00
848.84	-8.00
849.15	-10.00
849.46	-4.00
849.77	-8.00
850.08	-4.00
850.39	-9.00
850.70	-1.00
851.01	-6.00
851.32	-6.00
851.64	-4.00
851.95	-5.00
852.26	-7.00
852.57	2.00
852.88	-4.00
853.19	-7.00
853.50	-8.00
853.81	-3.00
854.12	-3.00
854.43	-9.00
854.74	-6.00
855.05	-5.00
855.36	-7.00
855.67	-8.00
855.97	-3.00
856.28	-5.00
856.59	-10.00
856.90	-4.00
857.21	-4.00
857.52	-12.00
857.83	-9.00
858.14	-10.00
858.45	-14.00
858.76	-7.00
859.07	-11.00
859.38	-9.00
859.69	-7.00
859.99	-1.00
860.30	-10.00
860.61	-7.00
860.92	-8.00
861.23	-4.00
861.54	-4.00
861.85	-3.00
862.15	-7.00
862.46	-8.00
862.77	-7.00
863.08	-3.00
863.39	1.00
863.70	-10.00
864.00	-8.00
864.31	0.00
864.62	-9.00
864.93	-14.00
865.24	-7.00
865.54	-7.00
865.85	-9.00
866.16	-3.00
866.47	-3.00
866.77	-8.00
867.08	-8.00
867.39	-10.00
867.70	-4.00
868.00	1.00
868.31	-11.00
868.62	-3.00
868.93	-6.00
869.23	-7.00
869.54	-2.00
869.85	-9.00
870.15	-7.00
870.46	-9.00
870.77	-10.00
871.07	-7.00
871.38	-1.00
871.69	-3.00
871.99	-2.00
872.30	-6.00
872.61	-5.00
872.91	-3.00
873.22	-5.00
873.53	-2.00
873.83	-7.00
874.14	-8.00
874.45	-4.00
874.75	-4.00
875.06	-4.00
875.36	-1.00
875.67	-5.00
875.98	-5.00
876.28	-6.00
876.59	-10.00
876.89	-15.00
877.20	-9.00
877.50	-2.00
877.81	-6.00
878.12	-8.00
878.42	-6.00
878.73	-1.00
879.03	-12.00
879.34	-12.00
879.64	-7.00
879.95	-3.00
880.25	-10.00
880.56	-5.00
880.86	-6.00
881.17	-7.00
881.47	-11.00
881.78	-4.00
882.08	-5.00
882.39	-7.00
882.69	-7.00
883.00	-3.00
883.30	-8.00
883.60	-2.00
883.91	-10.00
884.21	-3.00
884.52	-5.00
884.82	-12.00
885.13	-5.00
885.43	1.00
885.73	-3.00
886.04	0.00
886.34	-12.00
886.65	-3.00
886.95	-12.00
887.25	-14.00
887.56	-4.00
887.86	-4.00
888.16	-7.00
888.47	-5.00
888.77	-8.00
889.07	-6.00
889.38	-8.00
889.68	-10.00
889.98	-11.00
890.29	-8.00
890.59	-8.00
890.89	-12.00
891.20	-3.00
891.50	-10.00
891.80	-8.00
892.10	-6.00
892.41	-10.00
892.71	-1.00
893.01	-7.00
893.32	-12.00
893.62	-8.00
893.92	-8.00
894.22	-1.00
894.52	-11.00
894.83	-12.00
895.13	-8.00
895.43	-10.00
895.73	-14.00
896.04	-11.00
896.34	-16.00
896.64	-8.00
896.94	-4.00
897.24	-9.00
897.54	-13.00
897.85	-15.00
898.15	-19.00
898.45	-15.00
898.75	-9.00
899.05	0.00
899.35	-12.00
899.66	-6.00
899.96	-9.00
900.26	-9.00
900.56	-5.00
900.86	-7.00
901.16	-6.00
901.46	-1.00
901.76	-5.00
902.06	-5.00
902.36	-14.00
902.67	-13.00
902.97	-7.00
903.27	-11.00
903.57	-12.00
903.87	-10.00
904.17	-13.00
904.47	-8.00
904.77	-5.00
905.07	-3.00
905.37	-6.00
905.67	-6.00
905.97	-4.00
906.27	-8.00
906.57	-1.00
906.87	-5.00
907.17	-6.00
907.47	-1.00
907.77	-3.00
908.07	-5.00
908.37	-5.00
908.67	-6.00
908.97	-6.00
909.27	-6.00
909.57	-10.00
909.87	-12.00
910.16	-9.00
910.46	-2.00
910.76	-13.00
911.06	-15.00
911.36	-11.00
911.66	-11.00
911.96	-7.00
912.26	-7.00
912.56	-6.00
912.86	-2.00
913.15	-8.00
913.45	-7.00
913.75	-3.00
914.05	-6.00
914.35	-11.00
914.65	-4.00
914.94	0.00
915.24	-7.00
915.54	-7.00
915.84	-2.00
916.14	-5.00
916.43	-7.00
916.73	-8.00
917.03	-9.00
917.33	-9.00
917.63	-2.00
917.92	2.00
918.22	-10.00
918.52	-9.00
918.82	-9.00
919.11	-1.00
919.41	-10.00
919.71	-7.00
920.01	-10.00
920.30	-2.00
920.60	-5.00
920.90	-8.00
921.19	-5.00
921.49	-8.00
921.79	-9.00
922.09	0.00
922.38	-1.00
922.68	-9.00
922.98	-6.00
923.27	-4.00
923.57	-10.00
923.86	-12.00
924.16	-8.00
924.46	-7.00
924.75	-7.00
925.05	-16.00
925.35	-6.00
925.64	-2.00
925.94	0.00
926.23	-8.00
926.53	-6.00
926.83	-6.00
927.12	-8.00
927.42	-6.00
927.71	-1.00
928.01	-3.00
928.30	-14.00
928.60	-13.00
928.90	-6.00
929.19	-7.00
929.49	-8.00
929.78	-5.00
930.08	-8.00
930.37	-2.00
930.67	-18.00
930.96	-8.00
931.26	-12.00
931.55	-5.00
931.85	-2.00
932.14	-10.00
932.44	-5.00
932.73	-10.00
933.03	-8.00
933.32	-9.00
933.61	-10.00
933.91	-8.00
934.20	-10.00
934.50	-5.00
934.79	-5.00
935.09	-9.00
935.38	-3.00
935.67	-1.00
935.97	-7.00
936.26	-4.00
936.56	-10.00
936.85	-12.00
937.14	-6.00
937.44	1.00
937.73	-9.00
938.02	-6.00
938.32	-11.00
938.61	-6.00
938.90	-4.00
939.20	-9.00
939.49	-6.00
939.78	-11.00
940.08	-5.00
940.37	-9.00
940.66	-4.00
940.96	-3.00
941.25	-4.00
941.54	-7.00
941.83	-12.00
942.13	-6.00
942.42	-8.00
942.71	-10.00
943.00	-9.00
943.30	-7.00
943.59	-12.00
943.88	-5.00
944.17	-9.00
944.47	-11.00
944.76	-11.00
945.05	-7.00
945.34	-5.00
945.63	-7.00
945.93	-2.00
946.22	-6.00
946.51	-8.00
946.80	-9.00
947.09	-12.00
947.38	-5.00
947.68	-7.00
947.97	-8.00
948.26	-9.00
948.55	-3.00
948.84	-13.00
949.13	-20.00
949.42	-7.00
949.71	-6.00
950.01	-11.00
950.30	-5.00
950.59	-2.00
950.88	-7.00
951.17	1.00
951.46	-3.00
951.75	-5.00
952.04	-5.00
952.33	-5.00
952.62	-4.00
952.91	-5.00
953.20	-9.00
953.49	-13.00
953.78	-9.00
954.07	-7.00
954.36	-8.00
954.65	-6.00
954.94	-8.00
955.23	-2.00
955.52	-7.00
955.81	-7.00
956.10	-7.00
956.39	-8.00
956.68	-1.00
956.97	-2.00
957.26	-6.00
957.55	-6.00
957.84	-7.00
958.13	-5.00
958.42	2.00
958.71	-7.00
959.00	-12.00
959.28	-9.00
959.57	-8.00
959.86	-5.00
960.15	-6.00
960.44	-9.00
960.73	-1.00
961.02	-12.00
961.31	2.00
961.59	-7.00
961.88	-4.00
962.17	3.00
962.46	-2.00
962.75	-10.00
963.04	-6.00
963.32	-5.00
963.61	-4.00
963.90	-4.00
964.19	-5.00
964.48	-8.00
964.76	-12.00
965.05	-9.00
965.34	-6.00
965.63	-7.00
965.91	3.00
966.20	-3.00
966.49	-6.00
966.78	-10.00
967.06	-9.00
967.35	-4.00
967.64	-7.00
967.92	-8.00
968.21	-9.00
968.50	-7.00
968.79	-5.00
969.07	-5.00
969.36	-14.00
969.65	-9.00
969.93	0.00
970.22	-6.00
970.51	-6.00
970.79	-11.00
971.08	-7.00
971.36	-2.00
971.65	-7.00
971.94	-11.00
972.22	-8.00
972.51	-7.00
972.80	-5.00
973.08	-10.00
973.37	-1.00
973.65	-4.00
973.94	-5.00
974.22	-4.00
974.51	-6.00
974.80	-11.00
975.08	-9.00
975.37	-4.00
975.65	-1.00
975.94	0.00
976.22	-2.00
976.51	-7.00
976.79	-10.00
977.08	-8.00
977.36	-9.00
977.65	-5.00
977.93	-6.00
978.22	-5.00
978.50	-11.00
978.79	-10.00
979.07	-15.00
979.36	-6.00
979.64	-6.00
979.92	-9.00
980.21	-3.00
980.49	2.00
980.78	-3.00
981.06	-7.00
981.35	-13.00
981.63	-9.00
981.91	-10.00
982.20	-9.00
982.48	-5.00
982.76	-12.00
983.05	-6.00
983.33	-3.00
983.62	-9.00
983.90	-13.00
984.18	-10.00
984.47	-4.00
984.75	-6.00
985.03	-7.00
985.32	-5.00
985.60	-8.00
985.88	-12.00
986.16	-13.00
986.45	-6.00
986.73	-8.00
987.01	-6.00
987.30	-12.00
987.58	-4.00
987.86	-1.00
988.14	-4.00
988.43	-13.00
988.71	-4.00
988.99	-2.00
989.27	-10.00
989.56	-10.00
989.84	-10.00
990.12	-16.00
990.40	-8.00
990.68	-3.00
990.97	-8.00
991.25	-15.00
991.53	-10.00
991.81	-8.00
992.09	-7.00
992.37	-3.00
992.65	-7.00
992.94	-9.00
993.22	-10.00
993.50	-7.00
993.78	-7.00
994.06	-7.00
994.34	-11.00
994.62	-3.00
994.90	-5.00
995.19	-6.00
995.47	2.00
995.75	-6.00
996.03	-7.00
996.31	-6.00
996.59	-4.00
996.87	-4.00
997.15	-13.00
997.43	-9.00
997.71	-8.00
997.99	-12.00
998.27	-6.00
998.55	-13.00
998.83	-8.00
999.11	-3.00
999.39	-4.00
999.67	0.00
999.95	-7.00
1000.23	-2.00
1000.51	-6.00
1000.79	-6.00
1001.07	-7.00
1001.35	-4.00
1001.63	-1.00
1001.91	-8.00
1002.19	-4.00
1002.46	-6.00
1002.74	-5.00
1003.02	-6.00
1003.30	-10.00
1003.58	-5.00
1003.86	-5.00
1004.14	-8.00
1004.42	-2.00
1004.70	-11.00
1004.97	-9.00
1005.25	-7.00
1005.53	-9.00
1005.81	-4.00
1006.09	-7.00
1006.37	-1.00
1006.64	-6.00
1006.92	0.00
1007.20	-8.00
1007.48	-4.00
1007.76	-2.00
1008.03	-8.00
1008.31	-15.00
1008.59	-7.00
1008.87	-11.00
1009.15	0.00
1009.42	-3.00
1009.70	-11.00
1009.98	-8.00
1010.25	1.00
1010.53	-8.00
1010.81	-7.00
1011.09	-10.00
1011.36	-8.00
1011.64	-2.00
1011.92	-9.00
1012.19	-9.00
1012.47	2.00
1012.75	-2.00
1013.02	-7.00
1013.30	-8.00
1013.58	-13.00
1013.85	-7.00
1014.13	-4.00
1014.41	-3.00
1014.68	-2.00
1014.96	-8.00
1015.24	-3.00
1015.51	-2.00
1015.79	-7.00
1016.06	-8.00
1016.34	-4.00
1016.61	-17.00
1016.89	-7.00
1017.17	-4.00
