340.36	0.00
340.73	1.00
341.11	-1.00
341.48	-6.00
341.85	-5.00
342.22	-6.00
342.59	-3.00
342.96	-4.00
343.34	-2.00
343.71	-6.00
344.08	-8.00
344.45	-10.00
344.82	-7.00
345.20	0.00
345.57	-3.00
345.94	0.00
346.31	-7.00
346.68	-4.00
347.05	-2.00
347.42	1.00
347.80	-1.00
348.17	-1.00
348.54	-1.00
348.91	7.00
349.28	-11.00
349.65	-3.00
350.02	-7.00
350.40	-7.00
350.77	-3.00
351.14	-1.00
351.51	-3.00
351.88	-1.00
352.25	-4.00
352.62	-3.00
352.99	-3.00
353.37	-7.00
353.74	-7.00
354.11	-1.00
354.48	-4.00
354.85	-7.00
355.22	2.00
355.59	-9.00
355.96	-1.00
356.33	1.00
356.70	-6.00
357.07	-8.00
357.44	-2.00
357.82	-1.00
358.19	0.00
358.56	2.00
358.93	-1.00
359.30	-3.00
359.67	-4.00
360.04	-3.00
360.41	-4.00
360.78	-4.00
361.15	-7.00
361.52	-3.00
361.89	-3.00
362.26	-1.00
362.63	-2.00
363.00	3.00
363.37	0.00
363.74	-3.00
364.11	-9.00
364.48	-4.00
364.85	-10.00
365.22	-8.00
365.59	2.00
365.96	0.00
366.33	-3.00
366.70	-12.00
367.07	-9.00
367.44	-4.00
367.81	-1.00
368.18	0.00
368.55	-2.00
368.92	-4.00
369.29	0.00
369.66	-4.00
370.03	-2.00
370.40	2.00
370.77	-3.00
371.14	1.00
371.51	7.00
371.88	-5.00
372.25	-11.00
372.62	-6.00
372.99	-6.00
373.36	1.00
373.73	-2.00
374.10	-3.00
374.47	-5.00
374.84	-1.00
375.21	2.00
375.58	-6.00
375.95	-6.00
376.32	-6.00
376.69	4.00
377.05	0.00
377.42	-7.00
377.79	-6.00
378.16	0.00
378.53	-4.00
378.90	3.00
379.27	-4.00
379.64	1.00
380.01	-6.00
380.38	0.00
380.75	-8.00
381.11	3.00
381.48	5.00
381.85	1.00
382.22	4.00
382.59	-3.00
382.96	-4.00
383.33	-7.00
383.70	-6.00
384.06	-5.00
384.43	-5.00
384.80	-6.00
385.17	2.00
385.54	3.00
385.91	-3.00
386.28	-8.00
386.64	-2.00
387.01	-2.00
387.38	-2.00
387.75	-6.00
388.12	1.00
388.49	-7.00
388.85	-4.00
389.22	-2.00
389.59	-4.00
389.96	-1.00
390.33	-7.00
390.70	-6.00
391.06	-11.00
391.43	-6.00
391.80	-3.00
392.17	-5.00
392.54	-1.00
392.90	0.00
393.27	-1.00
393.64	-1.00
394.01	-8.00
394.38	-2.00
394.74	-7.00
395.11	-1.00
395.48	-5.00
395.85	2.00
396.21	-8.00
396.58	-3.00
396.95	-3.00
397.32	-1.00
397.69	-1.00
398.05	0.00
398.42	-6.00
398.79	-6.00
399.16	3.00
399.52	4.00
399.89	2.00
400.26	-2.00
400.62	-8.00
400.99	-4.00
401.36	-3.00
401.73	0.00
402.09	-7.00
402.46	-7.00
402.83	-1.00
403.20	-3.00
403.56	-1.00
403.93	-3.00
404.30	-4.00
404.66	-3.00
405.03	-3.00
405.40	-2.00
405.76	1.00
406.13	0.00
406.50	1.00
406.86	-4.00
407.23	-8.00
407.60	-5.00
407.97	-7.00
408.33	0.00
408.70	-2.00
409.07	-4.00
409.43	0.00
409.80	1.00
410.17	3.00
410.53	0.00
410.90	8.00
411.26	0.00
411.63	0.00
412.00	-7.00
412.36	-4.00
412.73	-4.00
413.10	2.00
413.46	4.00
413.83	0.00
414.20	-3.00
414.56	-2.00
414.93	2.00
415.29	-5.00
415.66	-3.00
416.03	1.00
416.39	6.00
416.76	-4.00
417.12	-5.00
417.49	-1.00
417.86	1.00
418.22	-3.00
418.59	-2.00
418.95	-3.00
419.32	5.00
419.68	-4.00
420.05	1.00
420.42	-1.00
420.78	1.00
421.15	-7.00
421.51	-7.00
421.88	-2.00
422.24	-5.00
422.61	7.00
422.97	2.00
423.34	-5.00
423.71	-1.00
424.07	-1.00
424.44	-5.00
424.80	-3.00
425.17	-5.00
425.53	6.00
425.90	6.00
426.26	4.00
426.63	5.00
426.99	4.00
427.36	-4.00
427.72	-2.00
428.09	8.00
428.45	2.00
428.82	11.00
429.18	2.00
429.55	13.00
429.91	-3.00
430.28	7.00
430.64	2.00
431.01	-1.00
431.37	-3.00
431.74	4.00
432.10	-3.00
432.47	6.00
432.83	6.00
433.19	6.00
433.56	4.00
433.92	6.00
434.29	5.00
434.65	10.00
435.02	9.00
435.38	7.00
435.75	4.00
436.11	7.00
436.47	11.00
436.84	-3.00
437.20	5.00
437.57	4.00
437.93	12.00
438.30	5.00
438.66	9.00
439.02	7.00
439.39	8.00
439.75	7.00
440.12	13.00
440.48	7.00
440.84	7.00
441.21	5.00
441.57	3.00
441.94	8.00
442.30	6.00
442.66	0.00
443.03	5.00
443.39	-4.00
443.75	3.00
444.12	7.00
444.48	-4.00
444.84	2.00
445.21	3.00
445.57	-4.00
445.93	5.00
446.30	3.00
446.66	6.00
447.02	11.00
447.39	8.00
447.75	8.00
448.11	10.00
448.48	1.00
448.84	4.00
449.20	5.00
449.57	1.00
449.93	3.00
450.29	10.00
450.66	2.00
451.02	3.00
451.38	3.00
451.75	5.00
452.11	12.00
452.47	6.00
452.83	8.00
453.20	5.00
453.56	5.00
453.92	1.00
454.28	2.00
454.65	3.00
455.01	2.00
455.37	6.00
455.74	5.00
456.10	7.00
456.46	4.00
456.82	8.00
457.19	-1.00
457.55	9.00
457.91	6.00
458.27	3.00
458.63	-3.00
459.00	0.00
459.36	6.00
459.72	5.00
460.08	5.00
460.45	10.00
460.81	2.00
461.17	15.00
461.53	10.00
461.89	17.00
462.26	11.00
462.62	18.00
462.98	14.00
463.34	21.00
463.70	19.00
464.06	22.00
464.43	26.00
464.79	18.00
465.15	33.00
465.51	22.00
465.87	25.00
466.23	35.00
466.60	38.00
466.96	39.00
467.32	44.00
467.68	46.00
468.04	44.00
468.40	57.00
468.77	61.00
469.13	65.00
469.49	59.00
469.85	75.00
470.21	84.00
470.57	78.00
470.93	96.00
471.29	100.00
471.65	111.00
472.02	120.00
472.38	118.00
472.74	134.00
473.10	144.00
473.46	141.00
473.82	157.00
474.18	169.00
474.54	178.00
474.90	182.00
475.26	192.00
475.62	198.00
475.98	205.00
476.35	205.00
476.71	217.00
477.07	230.00
477.43	247.00
477.79	255.00
478.15	274.00
478.51	278.00
478.87	281.00
479.23	286.00
479.59	301.00
479.95	305.00
480.31	319.00
480.67	325.00
481.03	365.00
481.39	368.00
481.75	379.00
482.11	393.00
482.47	411.00
482.83	412.00
483.19	417.00
483.55	438.00
483.91	451.00
484.27	453.00
484.63	463.00
484.99	462.00
485.35	484.00
485.71	491.00
486.07	489.00
486.43	485.00
486.79	471.00
487.15	494.00
487.51	495.00
487.87	470.00
488.23	484.00
488.59	492.00
488.95	471.00
489.31	483.00
489.66	482.00
490.02	472.00
490.38	459.00
490.74	437.00
491.10	439.00
491.46	427.00
491.82	406.00
492.18	406.00
492.54	382.00
492.90	385.00
493.26	377.00
493.61	369.00
493.97	349.00
494.33	370.00
494.69	356.00
495.05	356.00
495.41	362.00
495.77	352.00
496.13	354.00
496.49	351.00
496.84	335.00
497.20	341.00
497.56	331.00
497.92	338.00
498.28	330.00
498.64	334.00
499.00	332.00
499.35	345.00
499.71	330.00
500.07	319.00
500.43	321.00
500.79	305.00
501.14	314.00
501.50	320.00
501.86	308.00
502.22	313.00
502.58	302.00
502.94	307.00
503.29	309.00
503.65	300.00
504.01	300.00
504.37	294.00
504.73	323.00
505.08	319.00
505.44	310.00
505.80	300.00
506.16	303.00
506.51	304.00
506.87	305.00
507.23	307.00
507.59	300.00
507.94	312.00
508.30	301.00
508.66	308.00
509.02	303.00
509.37	313.00
509.73	306.00
510.09	299.00
510.45	305.00
510.80	315.00
511.16	310.00
511.52	308.00
511.87	302.00
512.23	304.00
512.59	294.00
512.95	302.00
513.30	308.00
513.66	309.00
514.02	301.00
514.37	295.00
514.73	292.00
515.09	299.00
515.44	293.00
515.80	296.00
516.16	292.00
516.51	291.00
516.87	297.00
517.23	286.00
517.58	301.00
517.94	291.00
518.30	288.00
518.65	286.00
519.01	282.00
519.37	281.00
519.72	277.00
520.08	275.00
520.43	274.00
520.79	270.00
521.15	276.00
521.50	265.00
521.86	268.00
522.22	253.00
522.57	273.00
522.93	265.00
523.28	270.00
523.64	263.00
524.00	258.00
524.35	254.00
524.71	264.00
525.06	260.00
525.42	258.00
525.77	266.00
526.13	261.00
526.49	255.00
526.84	258.00
527.20	268.00
527.55	266.00
527.91	258.00
528.26	255.00
528.62	261.00
528.97	272.00
529.33	268.00
529.68	289.00
530.04	281.00
530.40	295.00
530.75	293.00
531.11	296.00
531.46	309.00
531.82	333.00
532.17	330.00
532.53	326.00
532.88	349.00
533.24	341.00
533.59	357.00
533.95	354.00
534.30	356.00
534.65	370.00
535.01	381.00
535.36	384.00
535.72	397.00
536.07	404.00
536.43	423.00
536.78	433.00
537.14	457.00
537.49	459.00
537.85	475.00
538.20	487.00
538.55	507.00
538.91	520.00
539.26	522.00
539.62	536.00
539.97	525.00
540.33	551.00
540.68	553.00
541.03	588.00
541.39	590.00
541.74	625.00
542.10	628.00
542.45	674.00
542.80	713.00
543.16	770.00
543.51	865.00
543.87	948.00
544.22	1037.00
544.57	1137.00
544.93	1220.00
545.28	1273.00
545.63	1190.00
545.99	1204.00
546.34	1277.00
546.69	1344.00
547.05	1368.00
547.40	1412.00
547.75	1401.00
548.11	1421.00
548.46	1475.00
548.81	1470.00
549.17	1459.00
549.52	1480.00
549.87	1432.00
550.23	1398.00
550.58	1368.00
550.93	1329.00
551.29	1300.00
551.64	1248.00
551.99	1216.00
552.35	1181.00
552.70	1135.00
553.05	1094.00
553.40	1076.00
553.76	1014.00
554.11	989.00
554.46	939.00
554.81	924.00
555.17	898.00
555.52	844.00
555.87	834.00
556.22	792.00
556.58	767.00
556.93	747.00
557.28	717.00
557.63	694.00
557.99	691.00
558.34	651.00
558.69	640.00
559.04	642.00
559.39	619.00
559.75	625.00
560.10	595.00
560.45	590.00
560.80	592.00
561.15	565.00
561.51	561.00
561.86	535.00
562.21	528.00
562.56	507.00
562.91	511.00
563.27	502.00
563.62	482.00
563.97	483.00
564.32	470.00
564.67	470.00
565.02	448.00
565.37	437.00
565.73	437.00
566.08	429.00
566.43	441.00
566.78	434.00
567.13	423.00
567.48	424.00
567.83	438.00
568.18	444.00
568.54	434.00
568.89	466.00
569.24	467.00
569.59	472.00
569.94	501.00
570.29	514.00
570.64	537.00
570.99	577.00
571.34	577.00
571.69	629.00
572.04	626.00
572.39	670.00
572.75	696.00
573.10	694.00
573.45	725.00
573.80	754.00
574.15	783.00
574.50	773.00
574.85	761.00
575.20	777.00
575.55	772.00
575.90	769.00
576.25	770.00
576.60	760.00
576.95	733.00
577.30	725.00
577.65	735.00
578.00	722.00
578.35	710.00
578.70	695.00
579.05	669.00
579.40	662.00
579.75	638.00
580.10	627.00
580.45	623.00
580.80	610.00
581.15	593.00
581.50	592.00
581.85	562.00
582.20	564.00
582.55	557.00
582.90	556.00
583.25	526.00
583.59	550.00
583.94	529.00
584.29	532.00
584.64	511.00
584.99	488.00
585.34	487.00
585.69	492.00
586.04	479.00
586.39	488.00
586.74	463.00
587.09	465.00
587.43	460.00
587.78	467.00
588.13	460.00
588.48	447.00
588.83	465.00
589.18	459.00
589.53	468.00
589.88	464.00
590.22	438.00
590.57	434.00
590.92	450.00
591.27	440.00
591.62	435.00
591.97	439.00
592.32	433.00
592.66	426.00
593.01	425.00
593.36	426.00
593.71	427.00
594.06	419.00
594.40	420.00
594.75	429.00
595.10	417.00
595.45	409.00
595.80	418.00
596.14	394.00
596.49	398.00
596.84	404.00
597.19	388.00
597.54	384.00
597.88	371.00
598.23	371.00
598.58	372.00
598.93	368.00
599.27	360.00
599.62	361.00
599.97	359.00
600.32	356.00
600.66	362.00
601.01	355.00
601.36	330.00
601.71	344.00
602.05	330.00
602.40	341.00
602.75	340.00
603.09	330.00
603.44	326.00
603.79	323.00
604.14	323.00
604.48	321.00
604.83	315.00
605.18	315.00
605.52	303.00
605.87	305.00
606.22	304.00
606.56	304.00
606.91	296.00
607.26	301.00
607.60	301.00
607.95	286.00
608.30	292.00
608.64	290.00
608.99	286.00
609.33	277.00
609.68	283.00
610.03	285.00
610.37	277.00
610.72	277.00
611.07	270.00
611.41	267.00
611.76	249.00
612.10	262.00
612.45	255.00
612.80	256.00
613.14	250.00
613.49	254.00
613.83	258.00
614.18	251.00
614.52	243.00
614.87	237.00
615.22	233.00
615.56	237.00
615.91	229.00
616.25	233.00
616.60	222.00
616.94	224.00
617.29	228.00
617.63	225.00
617.98	219.00
618.32	222.00
618.67	221.00
619.02	221.00
619.36	213.00
619.71	204.00
620.05	201.00
620.40	200.00
620.74	208.00
621.09	206.00
621.43	182.00
621.78	203.00
622.12	195.00
622.46	186.00
622.81	186.00
623.15	197.00
623.50	209.00
623.84	201.00
624.19	196.00
624.53	189.00
624.88	190.00
625.22	193.00
625.57	183.00
625.91	174.00
626.25	175.00
626.60	177.00
626.94	181.00
627.29	182.00
627.63	182.00
627.97	171.00
628.32	173.00
628.66	181.00
629.01	173.00
629.35	171.00
629.69	167.00
630.04	175.00
630.38	173.00
630.73	173.00
631.07	170.00
631.41	163.00
631.76	169.00
632.10	167.00
632.44	172.00
632.79	164.00
633.13	156.00
633.47	167.00
633.82	165.00
634.16	165.00
634.50	167.00
634.85	160.00
635.19	163.00
635.53	160.00
635.88	155.00
636.22	167.00
636.56	157.00
636.91	146.00
637.25	158.00
637.59	154.00
637.93	164.00
638.28	156.00
638.62	156.00
638.96	159.00
639.30	146.00
639.65	152.00
639.99	141.00
640.33	148.00
640.67	144.00
641.02	152.00
641.36	141.00
641.70	145.00
642.04	153.00
642.39	153.00
642.73	155.00
643.07	145.00
643.41	142.00
643.75	142.00
644.10	141.00
644.44	140.00
644.78	132.00
645.12	128.00
645.46	137.00
645.81	141.00
646.15	128.00
646.49	126.00
646.83	143.00
647.17	123.00
647.51	138.00
647.86	130.00
648.20	122.00
648.54	125.00
648.88	135.00
649.22	128.00
649.56	124.00
649.90	127.00
650.25	132.00
650.59	133.00
650.93	123.00
651.27	129.00
651.61	127.00
651.95	119.00
652.29	123.00
652.63	122.00
652.97	131.00
653.32	120.00
653.66	113.00
654.00	123.00
654.34	118.00
654.68	115.00
655.02	122.00
655.36	119.00
655.70	120.00
656.04	110.00
656.38	113.00
656.72	116.00
657.06	118.00
657.40	119.00
657.74	105.00
658.08	118.00
658.42	118.00
658.76	110.00
659.10	116.00
659.44	115.00
659.78	117.00
660.12	110.00
660.46	109.00
660.80	108.00
661.14	108.00
661.48	113.00
661.82	101.00
662.16	108.00
662.50	112.00
662.84	113.00
663.18	99.00
663.52	98.00
663.86	95.00
664.20	96.00
664.54	101.00
664.88	101.00
665.22	107.00
665.56	88.00
665.90	97.00
666.23	98.00
666.57	94.00
666.91	95.00
667.25	86.00
667.59	95.00
667.93	94.00
668.27	97.00
668.61	98.00
668.95	89.00
669.28	89.00
669.62	85.00
669.96	84.00
670.30	90.00
670.64	91.00
670.98	85.00
671.32	91.00
671.65	72.00
671.99	79.00
672.33	80.00
672.67	80.00
673.01	84.00
673.35	74.00
673.68	81.00
674.02	78.00
674.36	69.00
674.70	72.00
675.04	69.00
675.37	67.00
675.71	76.00
676.05	67.00
676.39	75.00
676.73	74.00
677.06	64.00
677.40	72.00
677.74	66.00
678.08	60.00
678.41	70.00
678.75	60.00
679.09	68.00
679.43	55.00
679.76	61.00
680.10	48.00
680.44	63.00
680.78	57.00
681.11	59.00
681.45	55.00
681.79	69.00
682.12	57.00
682.46	52.00
682.80	52.00
683.13	50.00
683.47	63.00
683.81	38.00
684.14	43.00
684.48	54.00
684.82	45.00
685.15	50.00
685.49	43.00
685.83	48.00
686.16	42.00
686.50	47.00
686.84	44.00
687.17	40.00
687.51	47.00
687.85	37.00
688.18	36.00
688.52	39.00
688.85	33.00
689.19	38.00
689.53	42.00
689.86	36.00
690.20	37.00
690.53	35.00
690.87	39.00
691.21	33.00
691.54	38.00
691.88	41.00
692.21	31.00
692.55	37.00
692.88	32.00
693.22	38.00
693.55	33.00
693.89	25.00
694.23	25.00
694.56	24.00
694.90	28.00
695.23	32.00
695.57	35.00
695.90	24.00
696.24	28.00
696.57	26.00
696.91	21.00
697.24	26.00
697.58	30.00
697.91	22.00
698.25	22.00
698.58	26.00
698.92	19.00
699.25	13.00
699.58	16.00
699.92	16.00
700.25	21.00
700.59	17.00
700.92	16.00
701.26	19.00
701.59	11.00
701.93	15.00
702.26	17.00
702.59	9.00
702.93	13.00
703.26	10.00
703.60	16.00
703.93	14.00
704.26	13.00
704.60	11.00
704.93	15.00
705.27	12.00
705.60	7.00
705.93	2.00
706.27	15.00
706.60	10.00
706.93	10.00
707.27	9.00
707.60	5.00
707.93	4.00
708.27	2.00
708.60	4.00
708.93	3.00
709.27	4.00
709.60	2.00
709.93	3.00
710.27	2.00
710.60	1.00
710.93	-2.00
711.27	0.00
711.60	1.00
711.93	3.00
712.26	6.00
712.60	6.00
712.93	13.00
713.26	10.00
713.60	0.00
713.93	1.00
714.26	2.00
714.59	3.00
714.93	6.00
715.26	1.00
715.59	-2.00
715.92	1.00
716.26	4.00
716.59	-4.00
716.92	-5.00
717.25	6.00
717.58	-4.00
717.92	1.00
718.25	-8.00
718.58	-2.00
718.91	-3.00
719.24	-5.00
719.57	-2.00
719.91	1.00
720.24	-5.00
720.57	-4.00
720.90	-8.00
721.23	-2.00
721.56	0.00
721.90	0.00
722.23	0.00
722.56	-4.00
722.89	-5.00
723.22	-1.00
723.55	3.00
723.88	-5.00
724.21	-4.00
724.55	1.00
724.88	-3.00
725.21	-2.00
725.54	-4.00
725.87	-4.00
726.20	0.00
726.53	1.00
726.86	-5.00
727.19	-7.00
727.52	-4.00
727.85	-7.00
728.18	-5.00
728.51	-5.00
728.84	-7.00
729.17	1.00
729.51	0.00
729.84	-7.00
730.17	-5.00
730.50	-2.00
730.83	-3.00
731.16	-8.00
731.49	-4.00
731.82	0.00
732.15	1.00
732.48	1.00
732.81	-4.00
733.14	-3.00
733.47	-2.00
733.79	-8.00
734.12	0.00
734.45	-7.00
734.78	-7.00
735.11	-4.00
735.44	0.00
735.77	0.00
736.10	-1.00
736.43	0.00
736.76	-3.00
737.09	-5.00
737.42	-3.00
737.75	-2.00
738.08	2.00
738.41	-1.00
738.73	-5.00
739.06	5.00
739.39	-4.00
739.72	-2.00
740.05	-6.00
740.38	-2.00
740.71	-2.00
741.04	-1.00
741.36	-2.00
741.69	-6.00
742.02	-3.00
742.35	-7.00
742.68	-8.00
743.01	-7.00
743.33	-6.00
743.66	-15.00
743.99	1.00
744.32	-2.00
744.65	-4.00
744.97	0.00
745.30	-4.00
745.63	0.00
745.96	-3.00
746.29	-4.00
746.61	0.00
746.94	-2.00
747.27	-8.00
747.60	-6.00
747.92	-2.00
748.25	-8.00
748.58	-2.00
748.91	1.00
749.23	2.00
749.56	-2.00
749.89	-1.00
750.22	0.00
750.54	-5.00
750.87	-3.00
751.20	-4.00
751.52	-2.00
751.85	-6.00
752.18	-4.00
752.51	-3.00
752.83	4.00
753.16	0.00
753.49	-6.00
753.81	-4.00
754.14	-2.00
754.47	2.00
754.79	-5.00
755.12	-14.00
755.44	-9.00
755.77	-6.00
756.10	-2.00
756.42	1.00
756.75	-7.00
757.08	-6.00
757.40	-4.00
757.73	-3.00
758.05	-3.00
758.38	-2.00
758.71	-1.00
759.03	-1.00
759.36	-2.00
759.68	-6.00
760.01	-5.00
760.33	-3.00
760.66	-5.00
760.99	0.00
761.31	-1.00
761.64	0.00
761.96	-1.00
762.29	-11.00
762.61	-3.00
762.94	-9.00
763.26	-9.00
763.59	-2.00
763.91	-1.00
764.24	-11.00
764.56	-6.00
764.89	-6.00
765.21	-2.00
765.54	-7.00
765.86	-4.00
766.19	2.00
766.51	-4.00
766.84	-3.00
767.16	-4.00
767.49	3.00
767.81	-4.00
768.14	-5.00
768.46	-3.00
768.78	0.00
769.11	-3.00
769.43	-13.00
769.76	-4.00
770.08	-4.00
770.40	-8.00
770.73	-2.00
771.05	-1.00
771.38	-9.00
771.70	-3.00
772.02	-5.00
772.35	-1.00
772.67	-5.00
773.00	-2.00
773.32	-3.00
773.64	1.00
773.97	-6.00
774.29	-1.00
774.61	0.00
774.94	-3.00
775.26	-4.00
775.58	-7.00
775.91	-3.00
776.23	4.00
776.55	-2.00
776.88	-10.00
777.20	-8.00
777.52	-9.00
777.84	2.00
778.17	1.00
778.49	-6.00
778.81	-6.00
779.14	1.00
779.46	1.00
779.78	-1.00
780.10	0.00
780.43	-3.00
780.75	-5.00
781.07	-2.00
781.39	-3.00
781.72	3.00
782.04	-1.00
782.36	-3.00
782.68	-8.00
783.00	-1.00
783.33	1.00
783.65	2.00
783.97	0.00
784.29	1.00
784.61	2.00
784.94	-6.00
785.26	-7.00
785.58	-5.00
785.90	-4.00
786.22	-5.00
786.54	3.00
786.86	-4.00
787.19	-6.00
787.51	-2.00
787.83	-5.00
788.15	-2.00
788.47	0.00
788.79	-5.00
789.11	0.00
789.43	-8.00
789.76	-4.00
790.08	-8.00
790.40	-3.00
790.72	-1.00
791.04	-8.00
791.36	-5.00
791.68	-2.00
792.00	-1.00
792.32	-6.00
792.64	-5.00
792.96	0.00
793.28	1.00
793.60	-4.00
793.92	-2.00
794.24	-4.00
794.56	0.00
794.88	-8.00
795.20	-2.00
795.52	1.00
795.84	-3.00
796.16	1.00
796.48	-7.00
796.80	-8.00
797.12	-7.00
797.44	-5.00
797.76	-7.00
798.08	-5.00
798.40	-1.00
798.72	1.00
799.04	-4.00
799.36	-4.00
799.68	-2.00
800.00	-1.00
800.32	-9.00
800.64	-4.00
800.96	-6.00
801.28	-3.00
801.60	2.00
801.91	0.00
802.23	-6.00
802.55	0.00
802.87	0.00
803.19	0.00
803.51	-4.00
803.83	4.00
804.15	-2.00
804.46	-1.00
804.78	1.00
805.10	-2.00
805.42	3.00
805.74	0.00
806.06	2.00
806.37	-1.00
806.69	-2.00
807.01	-6.00
807.33	-1.00
807.65	-9.00
807.96	-3.00
808.28	2.00
808.60	1.00
808.92	2.00
809.24	-10.00
809.55	-5.00
809.87	-5.00
810.19	-3.00
810.51	-3.00
810.82	-4.00
811.14	1.00
811.46	-5.00
811.78	-8.00
812.09	-8.00
812.41	-2.00
812.73	0.00
813.05	0.00
813.36	-1.00
813.68	-1.00
814.00	-8.00
814.31	-3.00
814.63	-3.00
814.95	-2.00
815.26	-9.00
815.58	-9.00
815.90	-6.00
816.21	2.00
816.53	-5.00
816.85	-4.00
817.16	0.00
817.48	-11.00
817.80	2.00
818.11	2.00
818.43	5.00
818.74	-3.00
819.06	-2.00
819.38	-2.00
819.69	-4.00
820.01	-3.00
820.32	-3.00
820.64	-6.00
820.96	-9.00
821.27	-5.00
821.59	-8.00
821.90	-4.00
822.22	0.00
822.53	-4.00
822.85	-6.00
823.16	-1.00
823.48	3.00
823.80	-1.00
824.11	3.00
824.43	1.00
824.74	-4.00
825.06	-5.00
825.37	-2.00
825.69	-2.00
826.00	-6.00
826.32	-5.00
826.63	-3.00
826.94	-3.00
827.26	-10.00
827.57	-6.00
827.89	-2.00
828.20	-5.00
828.52	-5.00
828.83	-2.00
829.15	-1.00
829.46	-1.00
829.78	-6.00
830.09	-7.00
830.40	-4.00
830.72	-7.00
831.03	-3.00
831.35	-3.00
831.66	-7.00
831.97	-4.00
832.29	3.00
832.60	-4.00
832.91	-4.00
833.23	-6.00
833.54	-10.00
833.86	-1.00
834.17	-2.00
834.48	0.00
834.80	-3.00
835.11	-2.00
835.42	-1.00
835.74	-4.00
836.05	-4.00
836.36	-1.00
836.67	-2.00
836.99	-1.00
837.30	-5.00
837.61	-3.00
837.93	-6.00
838.24	-3.00
838.55	-11.00
838.86	-1.00
839.18	2.00
839.49	-7.00
839.80	-6.00
840.11	-1.00
840.43	-7.00
840.74	-7.00
841.05	-5.00
841.36	-2.00
841.68	-12.00
841.99	-11.00
842.30	-8.00
842.61	-1.00
842.92	0.00
843.24	-3.00
843.55	-4.00
843.86	-6.00
844.17	-3.00
844.48	-4.00
844.79	1.00
845.11	-7.00
845.42	-2.00
845.73	-2.00
846.04	-7.00
846.35	1.00
846.66	-3.00
846.97	1.00
847.29	1.00
847.60	-3.00
847.91	0.00
848.22	-4.00
848.53	-5.00
848.84	-6.00
849.15	3.00
849.46	-6.00
849.77	-3.00
850.08	-1.00
850.39	-4.00
850.70	-3.00
851.01	-10.00
851.32	-9.00
851.64	-4.00
851.95	-4.00
852.26	-6.00
852.57	0.00
852.88	-1.00
853.19	-4.00
853.50	-3.00
853.81	4.00
854.12	-5.00
854.43	-1.00
854.74	-2.00
855.05	-6.00
855.36	-6.00
855.67	-4.00
855.97	-3.00
856.28	-6.00
856.59	-1.00
856.90	1.00
857.21	-1.00
857.52	-6.00
857.83	-4.00
858.14	-8.00
858.45	-10.00
858.76	-3.00
859.07	-5.00
859.38	-8.00
859.69	-14.00
859.99	-4.00
860.30	-10.00
860.61	-1.00
860.92	0.00
861.23	1.00
861.54	-6.00
861.85	3.00
862.15	-2.00
862.46	-1.00
862.77	-7.00
863.08	-13.00
863.39	-7.00
863.70	-5.00
864.00	-4.00
864.31	-4.00
864.62	-2.00
864.93	2.00
865.24	-5.00
865.54	1.00
865.85	1.00
866.16	-1.00
866.47	-5.00
866.77	-1.00
867.08	-4.00
867.39	-1.00
867.70	-1.00
868.00	0.00
868.31	-3.00
868.62	-3.00
868.93	-4.00
869.23	-4.00
869.54	-3.00
869.85	0.00
870.15	6.00
870.46	-3.00
870.77	-6.00
871.07	-3.00
871.38	2.00
871.69	3.00
871.99	4.00
872.30	-3.00
872.61	-3.00
872.91	-2.00
873.22	-1.00
873.53	-5.00
873.83	-4.00
874.14	-2.00
874.45	-2.00
874.75	-8.00
875.06	-4.00
875.36	-3.00
875.67	-5.00
875.98	0.00
876.28	0.00
876.59	-5.00
876.89	-1.00
877.20	-4.00
877.50	-1.00
877.81	-6.00
878.12	-4.00
878.42	0.00
878.73	0.00
879.03	2.00
879.34	1.00
879.64	-5.00
879.95	-6.00
880.25	-3.00
880.56	-3.00
880.86	-5.00
881.17	0.00
881.47	-7.00
881.78	-3.00
882.08	-4.00
882.39	-1.00
882.69	0.00
883.00	3.00
883.30	-4.00
883.60	-1.00
883.91	-11.00
884.21	-8.00
884.52	-5.00
884.82	-6.00
885.13	0.00
885.43	-6.00
885.73	-2.00
886.04	0.00
886.34	-2.00
886.65	-2.00
886.95	-9.00
887.25	-3.00
887.56	-2.00
887.86	-7.00
888.16	2.00
888.47	-2.00
888.77	1.00
889.07	1.00
889.38	-2.00
889.68	-3.00
889.98	-8.00
890.29	-1.00
890.59	-9.00
890.89	-5.00
891.20	-2.00
891.50	-1.00
891.80	-9.00
892.10	-2.00
892.41	-2.00
892.71	-6.00
893.01	-6.00
893.32	-3.00
893.62	0.00
893.92	-4.00
894.22	-3.00
894.52	-5.00
894.83	-5.00
895.13	-7.00
895.43	-1.00
895.73	-1.00
896.04	-4.00
896.34	-4.00
896.64	-2.00
896.94	-3.00
897.24	-1.00
897.54	-4.00
897.85	-1.00
898.15	3.00
898.45	-5.00
898.75	-1.00
899.05	-2.00
899.35	-5.00
899.66	-1.00
899.96	-6.00
900.26	-7.00
900.56	4.00
900.86	-5.00
901.16	-8.00
901.46	-3.00
901.76	-1.00
902.06	-8.00
902.36	-1.00
902.67	-2.00
902.97	0.00
903.27	-3.00
903.57	-2.00
903.87	-3.00
904.17	-5.00
904.47	0.00
904.77	-4.00
905.07	3.00
905.37	-1.00
905.67	0.00
905.97	-9.00
906.27	-2.00
906.57	-1.00
906.87	-5.00
907.17	-5.00
907.47	-2.00
907.77	-3.00
908.07	-5.00
908.37	-5.00
908.67	-6.00
908.97	-3.00
909.27	-2.00
909.57	2.00
909.87	-1.00
910.16	-2.00
910.46	-8.00
910.76	-4.00
911.06	1.00
911.36	-2.00
911.66	-1.00
911.96	-6.00
912.26	-8.00
912.56	-8.00
912.86	-1.00
913.15	-4.00
913.45	-6.00
913.75	-3.00
914.05	0.00
914.35	-5.00
914.65	-3.00
914.94	-1.00
915.24	3.00
915.54	2.00
915.84	3.00
916.14	9.00
916.43	-1.00
916.73	-1.00
917.03	-7.00
917.33	-3.00
917.63	-3.00
917.92	-5.00
918.22	-3.00
918.52	-5.00
918.82	-2.00
919.11	-13.00
919.41	-9.00
919.71	0.00
920.01	-5.00
920.30	-7.00
920.60	-4.00
920.90	-3.00
921.19	-4.00
921.49	-4.00
921.79	-7.00
922.09	-5.00
922.38	-6.00
922.68	1.00
922.98	-6.00
923.27	-5.00
923.57	-6.00
923.86	-6.00
924.16	-7.00
924.46	-15.00
924.75	-3.00
925.05	-5.00
925.35	-10.00
925.64	-4.00
925.94	-2.00
926.23	-4.00
926.53	-1.00
926.83	0.00
927.12	1.00
927.42	-3.00
927.71	-2.00
928.01	-3.00
928.30	-3.00
928.60	0.00
928.90	-7.00
929.19	3.00
929.49	-1.00
929.78	-1.00
930.08	0.00
930.37	4.00
930.67	-8.00
930.96	-9.00
931.26	1.00
931.55	1.00
931.85	-3.00
932.14	-6.00
932.44	0.00
932.73	-4.00
933.03	-1.00
933.32	-8.00
933.61	-5.00
933.91	-3.00
934.20	-5.00
934.50	-7.00
934.79	-9.00
935.09	-8.00
935.38	-4.00
935.67	-3.00
935.97	-7.00
936.26	-2.00
936.56	-6.00
936.85	1.00
937.14	2.00
937.44	-8.00
937.73	2.00
938.02	-8.00
938.32	-7.00
938.61	-6.00
938.90	-5.00
939.20	2.00
939.49	1.00
939.78	-3.00
940.08	2.00
940.37	-1.00
940.66	-7.00
940.96	-3.00
941.25	-7.00
941.54	-6.00
941.83	1.00
942.13	-6.00
942.42	-2.00
942.71	-3.00
943.00	-3.00
943.30	-3.00
943.59	-10.00
943.88	-7.00
944.17	-5.00
944.47	-2.00
944.76	-3.00
945.05	2.00
945.34	-4.00
945.63	-7.00
945.93	-4.00
946.22	-7.00
946.51	-3.00
946.80	-3.00
947.09	-3.00
947.38	-5.00
947.68	-3.00
947.97	-3.00
948.26	-5.00
948.55	-3.00
948.84	-5.00
949.13	0.00
949.42	-2.00
949.71	0.00
950.01	-1.00
950.30	-5.00
950.59	0.00
950.88	-1.00
951.17	2.00
951.46	0.00
951.75	-1.00
952.04	-1.00
952.33	-4.00
952.62	-3.00
952.91	-4.00
953.20	-5.00
953.49	-2.00
953.78	-5.00
954.07	-7.00
954.36	-5.00
954.65	-5.00
954.94	-2.00
955.23	-9.00
955.52	2.00
955.81	-2.00
956.10	5.00
956.39	-5.00
956.68	-4.00
956.97	-4.00
957.26	-2.00
957.55	-2.00
957.84	-8.00
958.13	-4.00
958.42	-11.00
958.71	-6.00
959.00	-7.00
959.28	-5.00
959.57	-8.00
959.86	-10.00
960.15	-5.00
960.44	-2.00
960.73	0.00
961.02	-6.00
961.31	-9.00
961.59	-2.00
961.88	3.00
962.17	3.00
962.46	-7.00
962.75	-8.00
963.04	-4.00
963.32	-9.00
963.61	-3.00
963.90	0.00
964.19	-8.00
964.48	-7.00
964.76	-3.00
965.05	-1.00
965.34	1.00
965.63	-3.00
965.91	-9.00
966.20	2.00
966.49	-2.00
966.78	0.00
967.06	-9.00
967.35	-3.00
967.64	-4.00
967.92	0.00
968.21	-2.00
968.50	2.00
968.79	-1.00
969.07	0.00
969.36	2.00
969.65	-1.00
969.93	3.00
970.22	-4.00
970.51	-3.00
970.79	-1.00
971.08	-4.00
971.36	-4.00
971.65	1.00
971.94	-1.00
972.22	-3.00
972.51	-11.00
972.80	-8.00
973.08	-3.00
973.37	3.00
973.65	-2.00
973.94	-4.00
974.22	-3.00
974.51	-8.00
974.80	-4.00
975.08	1.00
975.37	2.00
975.65	-4.00
975.94	-6.00
976.22	-9.00
976.51	-1.00
976.79	-3.00
977.08	-4.00
977.36	-9.00
977.65	0.00
977.93	-5.00
978.22	-5.00
978.50	1.00
978.79	-5.00
979.07	-5.00
979.36	-9.00
979.64	-5.00
979.92	2.00
980.21	0.00
980.49	-2.00
980.78	-2.00
981.06	1.00
981.35	-4.00
981.63	-3.00
981.91	-3.00
982.20	-4.00
982.48	-5.00
982.76	0.00
983.05	-5.00
983.33	-4.00
983.62	-8.00
983.90	-2.00
984.18	-4.00
984.47	-8.00
984.75	-1.00
985.03	0.00
985.32	-2.00
985.60	-1.00
985.88	-4.00
986.16	0.00
986.45	5.00
986.73	-5.00
987.01	-5.00
987.30	4.00
987.58	-5.00
987.86	2.00
988.14	-2.00
988.43	-1.00
988.71	-3.00
988.99	-1.00
989.27	-5.00
989.56	1.00
989.84	0.00
990.12	0.00
990.40	-3.00
990.68	1.00
990.97	-10.00
991.25	-10.00
991.53	-6.00
991.81	-10.00
992.09	-8.00
992.37	-1.00
992.65	-4.00
992.94	-1.00
993.22	-5.00
993.50	0.00
993.78	-3.00
994.06	-6.00
994.34	-2.00
994.62	3.00
994.90	0.00
995.19	-4.00
995.47	-5.00
995.75	-3.00
996.03	-2.00
996.31	-3.00
996.59	-5.00
996.87	-6.00
997.15	0.00
997.43	-3.00
997.71	3.00
997.99	-5.00
998.27	-6.00
998.55	-1.00
998.83	-5.00
999.11	-2.00
999.39	-2.00
999.67	-4.00
999.95	0.00
1000.23	-3.00
1000.51	-5.00
1000.79	-3.00
1001.07	0.00
1001.35	-1.00
1001.63	-3.00
1001.91	-3.00
1002.19	-9.00
1002.46	-7.00
1002.74	-3.00
1003.02	-8.00
1003.30	-4.00
1003.58	-6.00
1003.86	-4.00
1004.14	-3.00
1004.42	-3.00
1004.70	1.00
1004.97	-1.00
1005.25	-1.00
1005.53	-3.00
1005.81	-1.00
1006.09	2.00
1006.37	1.00
1006.64	-11.00
1006.92	-4.00
1007.20	-6.00
1007.48	-8.00
1007.76	-10.00
1008.03	-5.00
1008.31	-14.00
1008.59	-3.00
1008.87	-6.00
1009.15	-4.00
1009.42	0.00
1009.70	-5.00
1009.98	-8.00
1010.25	-5.00
1010.53	2.00
1010.81	0.00
1011.09	1.00
1011.36	-4.00
1011.64	-3.00
1011.92	-6.00
1012.19	-5.00
1012.47	-2.00
1012.75	-1.00
1013.02	-9.00
1013.30	-8.00
1013.58	-9.00
1013.85	0.00
1014.13	-1.00
1014.41	0.00
1014.68	-5.00
1014.96	-3.00
1015.24	5.00
1015.51	-3.00
1015.79	-7.00
1016.06	3.00
1016.34	-1.00
1016.61	-2.00
1016.89	-4.00
1017.17	-4.00
