340.36	0.00
340.73	-2.00
341.11	0.00
341.48	-3.00
341.85	0.00
342.22	4.00
342.59	-2.00
342.96	-1.00
343.34	-3.00
343.71	5.00
344.08	2.00
344.45	9.00
344.82	3.00
345.20	2.00
345.57	2.00
345.94	-6.00
346.31	0.00
346.68	0.00
347.05	6.00
347.42	2.00
347.80	-3.00
348.17	-9.00
348.54	-10.00
348.91	-9.00
349.28	-12.00
349.65	1.00
350.02	0.00
350.40	2.00
350.77	4.00
351.14	0.00
351.51	-7.00
351.88	3.00
352.25	-6.00
352.62	-1.00
352.99	-1.00
353.37	3.00
353.74	10.00
354.11	4.00
354.48	-1.00
354.85	2.00
355.22	-4.00
355.59	10.00
355.96	0.00
356.33	3.00
356.70	6.00
357.07	-6.00
357.44	2.00
357.82	-5.00
358.19	2.00
358.56	3.00
358.93	1.00
359.30	1.00
359.67	3.00
360.04	-2.00
360.41	0.00
360.78	9.00
361.15	1.00
361.52	-1.00
361.89	4.00
362.26	6.00
362.63	1.00
363.00	-9.00
363.37	-1.00
363.74	-2.00
364.11	-2.00
364.48	1.00
364.85	7.00
365.22	3.00
365.59	-2.00
365.96	-6.00
366.33	2.00
366.70	8.00
367.07	-1.00
367.44	-2.00
367.81	2.00
368.18	3.00
368.55	-2.00
368.92	4.00
369.29	1.00
369.66	1.00
370.03	1.00
370.40	-2.00
370.77	2.00
371.14	3.00
371.51	-8.00
371.88	4.00
372.25	6.00
372.62	-1.00
372.99	0.00
373.36	-15.00
373.73	-8.00
374.10	-1.00
374.47	-3.00
374.84	-1.00
375.21	3.00
375.58	3.00
375.95	1.00
376.32	5.00
376.69	1.00
377.05	5.00
377.42	-2.00
377.79	-3.00
378.16	-2.00
378.53	9.00
378.90	0.00
379.27	-2.00
379.64	4.00
380.01	15.00
380.38	5.00
380.75	3.00
381.11	-3.00
381.48	-7.00
381.85	6.00
382.22	1.00
382.59	10.00
382.96	9.00
383.33	6.00
383.70	14.00
384.06	12.00
384.43	15.00
384.80	7.00
385.17	19.00
385.54	16.00
385.91	19.00
386.28	14.00
386.64	15.00
387.01	20.00
387.38	22.00
387.75	22.00
388.12	35.00
388.49	25.00
388.85	28.00
389.22	30.00
389.59	22.00
389.96	32.00
390.33	43.00
390.70	37.00
391.06	39.00
391.43	41.00
391.80	48.00
392.17	41.00
392.54	52.00
392.90	46.00
393.27	54.00
393.64	56.00
394.01	59.00
394.38	44.00
394.74	56.00
395.11	65.00
395.48	69.00
395.85	70.00
396.21	73.00
396.58	71.00
396.95	74.00
397.32	80.00
397.69	88.00
398.05	78.00
398.42	86.00
398.79	86.00
399.16	88.00
399.52	93.00
399.89	105.00
400.26	102.00
400.62	99.00
400.99	96.00
401.36	92.00
401.73	110.00
402.09	122.00
402.46	120.00
402.83	122.00
403.20	123.00
403.56	132.00
403.93	134.00
404.30	136.00
404.66	131.00
405.03	142.00
405.40	137.00
405.76	131.00
406.13	151.00
406.50	151.00
406.86	151.00
407.23	154.00
407.60	177.00
407.97	151.00
408.33	164.00
408.70	174.00
409.07	179.00
409.43	190.00
409.80	180.00
410.17	177.00
410.53	173.00
410.90	174.00
411.26	187.00
411.63	178.00
412.00	182.00
412.36	199.00
412.73	208.00
413.10	210.00
413.46	209.00
413.83	199.00
414.20	209.00
414.56	225.00
414.93	198.00
415.29	213.00
415.66	219.00
416.03	219.00
416.39	236.00
416.76	223.00
417.12	243.00
417.49	242.00
417.86	261.00
418.22	244.00
418.59	283.00
418.95	257.00
419.32	273.00
419.68	276.00
420.05	286.00
420.42	273.00
420.78	281.00
421.15	309.00
421.51	309.00
421.88	314.00
422.24	316.00
422.61	337.00
422.97	350.00
423.34	354.00
423.71	359.00
424.07	362.00
424.44	358.00
424.80	376.00
425.17	388.00
425.53	378.00
425.90	365.00
426.26	401.00
426.63	385.00
426.99	381.00
427.36	409.00
427.72	441.00
428.09	442.00
428.45	450.00
428.82	414.00
429.18	425.00
429.55	439.00
429.91	458.00
430.28	425.00
430.64	469.00
431.01	487.00
431.37	480.00
431.74	476.00
432.10	461.00
432.47	480.00
432.83	482.00
433.19	500.00
433.56	511.00
433.92	470.00
434.29	480.00
434.65	518.00
435.02	502.00
435.38	536.00
435.75	474.00
436.11	505.00
436.47	499.00
436.84	492.00
437.20	525.00
437.57	527.00
437.93	543.00
438.30	525.00
438.66	529.00
439.02	531.00
439.39	534.00
439.75	538.00
440.12	559.00
440.48	534.00
440.84	545.00
441.21	605.00
441.57	559.00
441.94	592.00
442.30	571.00
442.66	600.00
443.03	585.00
443.39	620.00
443.75	633.00
444.12	623.00
444.48	685.00
444.84	664.00
445.21	687.00
445.57	639.00
445.93	680.00
446.30	661.00
446.66	699.00
447.02	658.00
447.39	672.00
447.75	709.00
448.11	691.00
448.48	682.00
448.84	683.00
449.20	679.00
449.57	661.00
449.93	724.00
450.29	750.00
450.66	737.00
451.02	730.00
451.38	691.00
451.75	732.00
452.11	745.00
452.47	649.00
452.83	740.00
453.20	728.00
453.56	731.00
453.92	744.00
454.28	706.00
454.65	728.00
455.01	694.00
455.37	690.00
455.74	754.00
456.10	736.00
456.46	721.00
456.82	737.00
457.19	659.00
457.55	687.00
457.91	670.00
458.27	727.00
458.63	720.00
459.00	728.00
459.36	730.00
459.72	673.00
460.08	712.00
460.45	745.00
460.81	717.00
461.17	674.00
461.53	667.00
461.89	689.00
462.26	653.00
462.62	663.00
462.98	714.00
463.34	690.00
463.70	678.00
464.06	637.00
464.43	671.00
464.79	693.00
465.15	710.00
465.51	649.00
465.87	682.00
466.23	702.00
466.60	689.00
466.96	648.00
467.32	665.00
467.68	698.00
468.04	683.00
468.40	755.00
468.77	720.00
469.13	723.00
469.49	673.00
469.85	683.00
470.21	742.00
470.57	649.00
470.93	717.00
471.29	707.00
471.65	662.00
472.02	703.00
472.38	741.00
472.74	735.00
473.10	774.00
473.46	744.00
473.82	748.00
474.18	767.00
474.54	708.00
474.90	756.00
475.26	743.00
475.62	750.00
475.98	760.00
476.35	688.00
476.71	688.00
477.07	740.00
477.43	749.00
477.79	785.00
478.15	797.00
478.51	765.00
478.87	766.00
479.23	765.00
479.59	777.00
479.95	754.00
480.31	761.00
480.67	710.00
481.03	819.00
481.39	761.00
481.75	766.00
482.11	789.00
482.47	797.00
482.83	731.00
483.19	748.00
483.55	749.00
483.91	743.00
484.27	696.00
484.63	704.00
484.99	719.00
485.35	705.00
485.71	705.00
486.07	715.00
486.43	681.00
486.79	652.00
487.15	673.00
487.51	669.00
487.87	648.00
488.23	636.00
488.59	660.00
488.95	629.00
489.31	632.00
489.66	614.00
490.02	601.00
490.38	588.00
490.74	578.00
491.10	582.00
491.46	567.00
491.82	551.00
492.18	576.00
492.54	539.00
492.90	513.00
493.26	522.00
493.61	514.00
493.97	514.00
494.33	503.00
494.69	534.00
495.05	516.00
495.41	521.00
495.77	515.00
496.13	518.00
496.49	497.00
496.84	466.00
497.20	467.00
497.56	481.00
497.92	493.00
498.28	492.00
498.64	474.00
499.00	461.00
499.35	469.00
499.71	454.00
500.07	457.00
500.43	434.00
500.79	433.00
501.14	438.00
501.50	452.00
501.86	444.00
502.22	440.00
502.58	440.00
502.94	404.00
503.29	408.00
503.65	416.00
504.01	401.00
504.37	406.00
504.73	392.00
505.08	376.00
505.44	384.00
505.80	406.00
506.16	384.00
506.51	377.00
506.87	352.00
507.23	352.00
507.59	356.00
507.94	358.00
508.30	340.00
508.66	348.00
509.02	343.00
509.37	359.00
509.73	360.00
510.09	350.00
510.45	342.00
510.80	320.00
511.16	317.00
511.52	322.00
511.87	325.00
512.23	335.00
512.59	318.00
512.95	301.00
513.30	299.00
513.66	297.00
514.02	284.00
514.37	280.00
514.73	263.00
515.09	265.00
515.44	250.00
515.80	246.00
516.16	258.00
516.51	252.00
516.87	237.00
517.23	239.00
517.58	227.00
517.94	235.00
518.30	223.00
518.65	218.00
519.01	207.00
519.37	205.00
519.72	202.00
520.08	196.00
520.43	191.00
520.79	189.00
521.15	187.00
521.50	181.00
521.86	175.00
522.22	178.00
522.57	172.00
522.93	160.00
523.28	164.00
523.64	176.00
524.00	162.00
524.35	160.00
524.71	167.00
525.06	170.00
525.42	154.00
525.77	145.00
526.13	138.00
526.49	139.00
526.84	136.00
527.20	132.00
527.55	137.00
527.91	127.00
528.26	135.00
528.62	129.00
528.97	124.00
529.33	114.00
529.68	111.00
530.04	103.00
530.40	120.00
530.75	106.00
531.11	105.00
531.46	98.00
531.82	113.00
532.17	104.00
532.53	108.00
532.88	89.00
533.24	92.00
533.59	93.00
533.95	96.00
534.30	99.00
534.65	93.00
535.01	92.00
535.36	84.00
535.72	95.00
536.07	86.00
536.43	81.00
536.78	75.00
537.14	72.00
537.49	63.00
537.85	69.00
538.20	64.00
538.55	70.00
538.91	72.00
539.26	68.00
539.62	75.00
539.97	74.00
540.33	64.00
540.68	62.00
541.03	74.00
541.39	66.00
541.74	67.00
542.10	62.00
542.45	57.00
542.80	72.00
543.16	56.00
543.51	55.00
543.87	54.00
544.22	48.00
544.57	55.00
544.93	50.00
545.28	69.00
545.63	55.00
545.99	60.00
546.34	56.00
546.69	56.00
547.05	52.00
547.40	56.00
547.75	46.00
548.11	44.00
548.46	46.00
548.81	51.00
549.17	49.00
549.52	41.00
549.87	48.00
550.23	41.00
550.58	45.00
550.93	39.00
551.29	43.00
551.64	32.00
551.99	46.00
552.35	40.00
552.70	38.00
553.05	32.00
553.40	33.00
553.76	35.00
554.11	39.00
554.46	40.00
554.81	34.00
555.17	40.00
555.52	31.00
555.87	30.00
556.22	31.00
556.58	26.00
556.93	36.00
557.28	35.00
557.63	25.00
557.99	31.00
558.34	27.00
558.69	32.00
559.04	42.00
559.39	28.00
559.75	27.00
560.10	25.00
560.45	31.00
560.80	31.00
561.15	26.00
561.51	29.00
561.86	26.00
562.21	29.00
562.56	27.00
562.91	29.00
563.27	23.00
563.62	29.00
563.97	23.00
564.32	23.00
564.67	30.00
565.02	29.00
565.37	26.00
565.73	28.00
566.08	25.00
566.43	29.00
566.78	22.00
567.13	26.00
567.48	23.00
567.83	30.00
568.18	31.00
568.54	27.00
568.89	28.00
569.24	17.00
569.59	23.00
569.94	27.00
570.29	18.00
570.64	26.00
570.99	20.00
571.34	21.00
571.69	22.00
572.04	25.00
572.39	25.00
572.75	29.00
573.10	34.00
573.45	20.00
573.80	25.00
574.15	23.00
574.50	17.00
574.85	21.00
575.20	26.00
575.55	21.00
575.90	21.00
576.25	19.00
576.60	25.00
576.95	18.00
577.30	17.00
577.65	27.00
578.00	20.00
578.35	23.00
578.70	21.00
579.05	21.00
579.40	20.00
579.75	14.00
580.10	14.00
580.45	21.00
580.80	15.00
581.15	26.00
581.50	31.00
581.85	15.00
582.20	22.00
582.55	20.00
582.90	17.00
583.25	19.00
583.59	19.00
583.94	13.00
584.29	24.00
584.64	17.00
584.99	13.00
585.34	23.00
585.69	21.00
586.04	13.00
586.39	20.00
586.74	20.00
587.09	18.00
587.43	17.00
587.78	22.00
588.13	22.00
588.48	13.00
588.83	12.00
589.18	17.00
589.53	13.00
589.88	22.00
590.22	22.00
590.57	16.00
590.92	12.00
591.27	16.00
591.62	24.00
591.97	15.00
592.32	13.00
592.66	11.00
593.01	21.00
593.36	19.00
593.71	18.00
594.06	29.00
594.40	19.00
594.75	21.00
595.10	28.00
595.45	32.00
595.80	18.00
596.14	23.00
596.49	16.00
596.84	17.00
597.19	20.00
597.54	21.00
597.88	15.00
598.23	17.00
598.58	16.00
598.93	18.00
599.27	23.00
599.62	23.00
599.97	18.00
600.32	25.00
600.66	18.00
601.01	23.00
601.36	27.00
601.71	22.00
602.05	31.00
602.40	26.00
602.75	22.00
603.09	25.00
603.44	31.00
603.79	28.00
604.14	25.00
604.48	24.00
604.83	21.00
605.18	25.00
605.52	33.00
605.87	31.00
606.22	34.00
606.56	32.00
606.91	25.00
607.26	37.00
607.60	25.00
607.95	36.00
608.30	32.00
608.64	36.00
608.99	30.00
609.33	30.00
609.68	36.00
610.03	38.00
610.37	44.00
610.72	44.00
611.07	41.00
611.41	38.00
611.76	45.00
612.10	39.00
612.45	39.00
612.80	50.00
613.14	37.00
613.49	44.00
613.83	51.00
614.18	37.00
614.52	39.00
614.87	44.00
615.22	44.00
615.56	45.00
615.91	38.00
616.25	47.00
616.60	49.00
616.94	56.00
617.29	53.00
617.63	42.00
617.98	41.00
618.32	56.00
618.67	53.00
619.02	50.00
619.36	55.00
619.71	62.00
620.05	50.00
620.40	64.00
620.74	57.00
621.09	60.00
621.43	56.00
621.78	63.00
622.12	60.00
622.46	58.00
622.81	64.00
623.15	71.00
623.50	69.00
623.84	58.00
624.19	58.00
624.53	62.00
624.88	70.00
625.22	66.00
625.57	69.00
625.91	71.00
626.25	71.00
626.60	86.00
626.94	74.00
627.29	78.00
627.63	77.00
627.97	82.00
628.32	81.00
628.66	83.00
629.01	97.00
629.35	85.00
629.69	93.00
630.04	94.00
630.38	101.00
630.73	95.00
631.07	96.00
631.41	94.00
631.76	100.00
632.10	105.00
632.44	99.00
632.79	103.00
633.13	103.00
633.47	114.00
633.82	106.00
634.16	108.00
634.50	111.00
634.85	112.00
635.19	118.00
635.53	121.00
635.88	126.00
636.22	127.00
636.56	124.00
636.91	120.00
637.25	133.00
637.59	129.00
637.93	130.00
638.28	130.00
638.62	144.00
638.96	138.00
639.30	140.00
639.65	149.00
639.99	156.00
640.33	161.00
640.67	174.00
641.02	165.00
641.36	166.00
641.70	182.00
642.04	173.00
642.39	168.00
642.73	181.00
643.07	181.00
643.41	203.00
643.75	208.00
644.10	226.00
644.44	223.00
644.78	224.00
645.12	230.00
645.46	234.00
645.81	256.00
646.15	249.00
646.49	266.00
646.83	270.00
647.17	282.00
647.51	291.00
647.86	302.00
648.20	300.00
648.54	316.00
648.88	317.00
649.22	310.00
649.56	343.00
649.90	344.00
650.25	361.00
650.59	359.00
650.93	367.00
651.27	376.00
651.61	387.00
651.95	401.00
652.29	428.00
652.63	424.00
652.97	465.00
653.32	463.00
653.66	468.00
654.00	485.00
654.34	486.00
654.68	530.00
655.02	530.00
655.36	568.00
655.70	583.00
656.04	573.00
656.38	554.00
656.72	606.00
657.06	632.00
657.40	654.00
657.74	655.00
658.08	663.00
658.42	679.00
658.76	707.00
659.10	724.00
659.44	715.00
659.78	762.00
660.12	775.00
660.46	801.00
660.80	863.00
661.14	886.00
661.48	918.00
661.82	960.00
662.16	938.00
662.50	942.00
662.84	954.00
663.18	936.00
663.52	983.00
663.86	998.00
664.20	1034.00
664.54	1076.00
664.88	1040.00
665.22	1019.00
665.56	1091.00
665.90	1077.00
666.23	1086.00
666.57	1170.00
666.91	1157.00
667.25	1114.00
667.59	1167.00
667.93	1172.00
668.27	1186.00
668.61	1152.00
668.95	1146.00
669.28	1228.00
669.62	1305.00
669.96	1275.00
670.30	1205.00
670.64	1170.00
670.98	1308.00
671.32	1290.00
671.65	1294.00
671.99	1225.00
672.33	1294.00
672.67	1200.00
673.01	1230.00
673.35	1210.00
673.68	1187.00
674.02	1241.00
674.36	1231.00
674.70	1288.00
675.04	1411.00
675.37	1397.00
675.71	1359.00
676.05	1344.00
676.39	1403.00
676.73	1334.00
677.06	1390.00
677.40	1419.00
677.74	1357.00
678.08	1328.00
678.41	1318.00
678.75	1286.00
679.09	1373.00
679.43	1337.00
679.76	1401.00
680.10	1417.00
680.44	1419.00
680.78	1452.00
681.11	1476.00
681.45	1509.00
681.79	1443.00
682.12	1490.00
682.46	1584.00
682.80	1602.00
683.13	1603.00
683.47	1508.00
683.81	1513.00
684.14	1485.00
684.48	1542.00
684.82	1624.00
685.15	1704.00
685.49	1555.00
685.83	1692.00
686.16	1733.00
686.50	1751.00
686.84	1715.00
687.17	1774.00
687.51	1852.00
687.85	1804.00
688.18	1716.00
688.52	1747.00
688.85	1780.00
689.19	1757.00
689.53	1799.00
689.86	1807.00
690.20	1764.00
690.53	1808.00
690.87	1790.00
691.21	1824.00
691.54	1756.00
691.88	1749.00
692.21	1724.00
692.55	1823.00
692.88	1856.00
693.22	1912.00
693.55	1889.00
693.89	1827.00
694.23	1776.00
694.56	1709.00
694.90	1697.00
695.23	1726.00
695.57	1718.00
695.90	1649.00
696.24	1797.00
696.57	1804.00
696.91	1875.00
697.24	1990.00
697.58	1972.00
697.91	1938.00
698.25	2011.00
698.58	2074.00
698.92	1933.00
699.25	1821.00
699.58	1896.00
699.92	1788.00
700.25	1745.00
700.59	1817.00
700.92	1938.00
701.26	1873.00
701.59	1844.00
701.93	1898.00
702.26	1933.00
702.59	2022.00
702.93	2101.00
703.26	2081.00
703.60	2120.00
703.93	2082.00
704.26	2107.00
704.60	2041.00
704.93	1936.00
705.27	1946.00
705.60	2031.00
705.93	2043.00
706.27	2047.00
706.60	1930.00
706.93	1825.00
707.27	1839.00
707.60	1962.00
707.93	2039.00
708.27	1983.00
708.60	1838.00
708.93	1729.00
709.27	1747.00
709.60	1865.00
709.93	1918.00
710.27	1928.00
710.60	1848.00
710.93	1746.00
711.27	1848.00
711.60	1940.00
711.93	1963.00
712.26	2017.00
712.60	2026.00
712.93	1997.00
713.26	1977.00
713.60	1984.00
713.93	1922.00
714.26	1932.00
714.59	1946.00
714.93	1887.00
715.26	1982.00
715.59	1820.00
715.92	1922.00
716.26	1963.00
716.59	1928.00
716.92	1849.00
717.25	1758.00
717.58	1866.00
717.92	1945.00
718.25	2002.00
718.58	2003.00
718.91	1855.00
719.24	1770.00
719.57	1715.00
719.91	1670.00
720.24	1707.00
720.57	1955.00
720.90	1918.00
721.23	1895.00
721.56	1832.00
721.90	1886.00
722.23	1855.00
722.56	1891.00
722.89	1971.00
723.22	1863.00
723.55	1782.00
723.88	1712.00
724.21	1625.00
724.55	1534.00
724.88	1629.00
725.21	1607.00
725.54	1637.00
725.87	1616.00
726.20	1687.00
726.53	1625.00
726.86	1696.00
727.19	1785.00
727.52	1783.00
727.85	1725.00
728.18	1621.00
728.51	1580.00
728.84	1522.00
729.17	1496.00
729.51	1513.00
729.84	1553.00
730.17	1579.00
730.50	1682.00
730.83	1721.00
731.16	1606.00
731.49	1559.00
731.82	1577.00
732.15	1700.00
732.48	1806.00
732.81	1717.00
733.14	1663.00
733.47	1722.00
733.79	1821.00
734.12	1839.00
734.45	1778.00
734.78	1608.00
735.11	1562.00
735.44	1632.00
735.77	1683.00
736.10	1689.00
736.43	1621.00
736.76	1518.00
737.09	1479.00
737.42	1595.00
737.75	1727.00
738.08	1871.00
738.41	1834.00
738.73	1769.00
739.06	1728.00
739.39	1635.00
739.72	1539.00
740.05	1548.00
740.38	1506.00
740.71	1438.00
741.04	1519.00
741.36	1505.00
741.69	1469.00
742.02	1583.00
742.35	1607.00
742.68	1571.00
743.01	1566.00
743.33	1520.00
743.66	1606.00
743.99	1587.00
744.32	1437.00
744.65	1361.00
744.97	1357.00
745.30	1310.00
745.63	1283.00
745.96	1245.00
746.29	1290.00
746.61	1352.00
746.94	1417.00
747.27	1387.00
747.60	1387.00
747.92	1429.00
748.25	1422.00
748.58	1470.00
748.91	1517.00
749.23	1483.00
749.56	1413.00
749.89	1574.00
750.22	1567.00
750.54	1440.00
750.87	1355.00
751.20	1406.00
751.52	1413.00
751.85	1298.00
752.18	1256.00
752.51	1296.00
752.83	1249.00
753.16	1294.00
753.49	1338.00
753.81	1254.00
754.14	1186.00
754.47	1243.00
754.79	1215.00
755.12	1201.00
755.44	1212.00
755.77	1242.00
756.10	1285.00
756.42	1377.00
756.75	1424.00
757.08	1388.00
757.40	1363.00
757.73	1292.00
758.05	1244.00
758.38	1190.00
758.71	1210.00
759.03	1197.00
759.36	1153.00
759.68	1144.00
760.01	1189.00
760.33	1189.00
760.66	1213.00
760.99	1170.00
761.31	1113.00
761.64	1129.00
761.96	1111.00
762.29	1056.00
762.61	1165.00
762.94	1195.00
763.26	1145.00
763.59	1077.00
763.91	1031.00
764.24	1025.00
764.56	1030.00
764.89	1030.00
765.21	1070.00
765.54	1077.00
765.86	1090.00
766.19	1086.00
766.51	1111.00
766.84	1071.00
767.16	1056.00
767.49	1077.00
767.81	1060.00
768.14	1068.00
768.46	1125.00
768.78	1173.00
769.11	1182.00
769.43	1105.00
769.76	1013.00
770.08	984.00
770.40	1049.00
770.73	1118.00
771.05	1071.00
771.38	1051.00
771.70	994.00
772.02	958.00
772.35	937.00
772.67	1052.00
773.00	1140.00
773.32	1123.00
773.64	1062.00
773.97	1052.00
774.29	1061.00
774.61	1013.00
774.94	944.00
775.26	882.00
775.58	876.00
775.91	923.00
776.23	968.00
776.55	928.00
776.88	876.00
777.20	812.00
777.52	828.00
777.84	878.00
778.17	859.00
778.49	850.00
778.81	845.00
779.14	833.00
779.46	864.00
779.78	883.00
780.10	837.00
780.43	819.00
780.75	901.00
781.07	970.00
781.39	909.00
781.72	908.00
782.04	844.00
782.36	814.00
782.68	812.00
783.00	914.00
783.33	892.00
783.65	823.00
783.97	862.00
784.29	961.00
784.61	915.00
784.94	882.00
785.26	888.00
785.58	811.00
785.90	788.00
786.22	779.00
786.54	812.00
786.86	831.00
787.19	901.00
787.51	882.00
787.83	855.00
788.15	832.00
788.47	893.00
788.79	886.00
789.11	881.00
789.43	876.00
789.76	953.00
790.08	920.00
790.40	983.00
790.72	982.00
791.04	895.00
791.36	878.00
791.68	824.00
792.00	746.00
792.32	704.00
792.64	743.00
792.96	753.00
793.28	728.00
793.60	793.00
793.92	851.00
794.24	873.00
794.56	859.00
794.88	906.00
795.20	906.00
795.52	925.00
795.84	847.00
796.16	803.00
796.48	803.00
796.80	799.00
797.12	780.00
797.44	738.00
797.76	737.00
798.08	778.00
798.40	795.00
798.72	764.00
799.04	768.00
799.36	734.00
799.68	782.00
800.00	846.00
800.32	820.00
800.64	817.00
800.96	910.00
801.28	933.00
801.60	912.00
801.91	858.00
802.23	843.00
802.55	821.00
802.87	785.00
803.19	773.00
803.51	722.00
803.83	710.00
804.15	715.00
804.46	728.00
804.78	712.00
805.10	705.00
805.42	732.00
805.74	820.00
806.06	920.00
806.37	1022.00
806.69	978.00
807.01	887.00
807.33	783.00
807.65	696.00
807.96	704.00
808.28	738.00
808.60	753.00
808.92	720.00
809.24	747.00
809.55	726.00
809.87	706.00
810.19	682.00
810.51	717.00
810.82	743.00
811.14	746.00
811.46	750.00
811.78	736.00
812.09	675.00
812.41	662.00
812.73	666.00
813.05	697.00
813.36	693.00
813.68	721.00
814.00	683.00
814.31	718.00
814.63	739.00
814.95	691.00
815.26	627.00
815.58	589.00
815.90	616.00
816.21	655.00
816.53	631.00
816.85	603.00
817.16	606.00
817.48	583.00
817.80	632.00
818.11	693.00
818.43	703.00
818.74	702.00
819.06	676.00
819.38	632.00
819.69	592.00
820.01	634.00
820.32	702.00
820.64	692.00
820.96	681.00
821.27	669.00
821.59	670.00
821.90	680.00
822.22	633.00
822.53	630.00
822.85	609.00
823.16	555.00
823.48	547.00
823.80	533.00
824.11	491.00
824.43	521.00
824.74	499.00
825.06	448.00
825.37	421.00
825.69	471.00
826.00	466.00
826.32	476.00
826.63	474.00
826.94	453.00
827.26	476.00
827.57	495.00
827.89	502.00
828.20	546.00
828.52	542.00
828.83	521.00
829.15	553.00
829.46	568.00
829.78	535.00
830.09	509.00
830.40	545.00
830.72	538.00
831.03	554.00
831.35	548.00
831.66	476.00
831.97	472.00
832.29	481.00
832.60	453.00
832.91	436.00
833.23	460.00
833.54	475.00
833.86	519.00
834.17	454.00
834.48	450.00
834.80	437.00
835.11	433.00
835.42	458.00
835.74	467.00
836.05	424.00
836.36	422.00
836.67	403.00
836.99	383.00
837.30	380.00
837.61	428.00
837.93	423.00
838.24	411.00
838.55	387.00
838.86	405.00
839.18	394.00
839.49	414.00
839.80	404.00
840.11	425.00
840.43	404.00
840.74	377.00
841.05	361.00
841.36	361.00
841.68	363.00
841.99	386.00
842.30	406.00
842.61	425.00
842.92	458.00
843.24	471.00
843.55	432.00
843.86	398.00
844.17	408.00
844.48	434.00
844.79	449.00
845.11	436.00
845.42	405.00
845.73	403.00
846.04	409.00
846.35	407.00
846.66	399.00
846.97	372.00
847.29	380.00
847.60	377.00
847.91	402.00
848.22	463.00
848.53	441.00
848.84	423.00
849.15	405.00
849.46	365.00
849.77	375.00
850.08	383.00
850.39	383.00
850.70	356.00
851.01	327.00
851.32	316.00
851.64	333.00
851.95	338.00
852.26	322.00
852.57	344.00
852.88	353.00
853.19	333.00
853.50	330.00
853.81	357.00
854.12	369.00
854.43	381.00
854.74	387.00
855.05	416.00
855.36	397.00
855.67	368.00
855.97	341.00
856.28	338.00
856.59	336.00
856.90	317.00
857.21	316.00
857.52	297.00
857.83	313.00
858.14	323.00
858.45	292.00
858.76	303.00
859.07	337.00
859.38	364.00
859.69	356.00
859.99	347.00
860.30	345.00
860.61	307.00
860.92	309.00
861.23	307.00
861.54	320.00
861.85	321.00
862.15	352.00
862.46	368.00
862.77	365.00
863.08	349.00
863.39	360.00
863.70	358.00
864.00	357.00
864.31	325.00
864.62	329.00
864.93	330.00
865.24	309.00
865.54	318.00
865.85	323.00
866.16	316.00
866.47	315.00
866.77	349.00
867.08	343.00
867.39	347.00
867.70	335.00
868.00	303.00
868.31	263.00
868.62	251.00
868.93	244.00
869.23	233.00
869.54	239.00
869.85	233.00
870.15	253.00
870.46	265.00
870.77	253.00
871.07	283.00
871.38	271.00
871.69	276.00
871.99	277.00
872.30	262.00
872.61	257.00
872.91	265.00
873.22	277.00
873.53	255.00
873.83	235.00
874.14	230.00
874.45	202.00
874.75	201.00
875.06	211.00
875.36	200.00
875.67	196.00
875.98	198.00
876.28	218.00
876.59	228.00
876.89	242.00
877.20	245.00
877.50	257.00
877.81	265.00
878.12	273.00
878.42	286.00
878.73	289.00
879.03	256.00
879.34	231.00
879.64	224.00
879.95	219.00
880.25	215.00
880.56	209.00
880.86	201.00
881.17	196.00
881.47	193.00
881.78	198.00
882.08	191.00
882.39	214.00
882.69	232.00
883.00	233.00
883.30	239.00
883.60	243.00
883.91	242.00
884.21	249.00
884.52	239.00
884.82	240.00
885.13	251.00
885.43	228.00
885.73	207.00
886.04	190.00
886.34	182.00
886.65	179.00
886.95	198.00
887.25	199.00
887.56	196.00
887.86	232.00
888.16	223.00
888.47	222.00
888.77	225.00
889.07	228.00
889.38	210.00
889.68	184.00
889.98	188.00
890.29	186.00
890.59	195.00
890.89	220.00
891.20	229.00
891.50	183.00
891.80	190.00
892.10	199.00
892.41	221.00
892.71	213.00
893.01	193.00
893.32	170.00
893.62	155.00
893.92	163.00
894.22	166.00
894.52	196.00
894.83	197.00
895.13	215.00
895.43	208.00
895.73	206.00
896.04	217.00
896.34	197.00
896.64	183.00
896.94	209.00
897.24	194.00
897.54	195.00
897.85	174.00
898.15	156.00
898.45	148.00
898.75	159.00
899.05	162.00
899.35	169.00
899.66	177.00
899.96	147.00
900.26	161.00
900.56	167.00
900.86	175.00
901.16	168.00
901.46	165.00
901.76	177.00
902.06	174.00
902.36	185.00
902.67	171.00
902.97	172.00
903.27	157.00
903.57	141.00
903.87	142.00
904.17	145.00
904.47	135.00
904.77	128.00
905.07	139.00
905.37	151.00
905.67	140.00
905.97	162.00
906.27	182.00
906.57	174.00
906.87	181.00
907.17	186.00
907.47	192.00
907.77	168.00
908.07	175.00
908.37	159.00
908.67	150.00
908.97	157.00
909.27	153.00
909.57	155.00
909.87	153.00
910.16	178.00
910.46	173.00
910.76	179.00
911.06	176.00
911.36	161.00
911.66	154.00
911.96	144.00
912.26	154.00
912.56	152.00
912.86	150.00
913.15	143.00
913.45	149.00
913.75	145.00
914.05	147.00
914.35	159.00
914.65	145.00
914.94	138.00
915.24	139.00
915.54	137.00
915.84	131.00
916.14	140.00
916.43	141.00
916.73	135.00
917.03	128.00
917.33	140.00
917.63	135.00
917.92	127.00
918.22	124.00
918.52	111.00
918.82	116.00
919.11	110.00
919.41	115.00
919.71	112.00
920.01	110.00
920.30	111.00
920.60	109.00
920.90	110.00
921.19	118.00
921.49	110.00
921.79	94.00
922.09	87.00
922.38	110.00
922.68	113.00
922.98	102.00
923.27	109.00
923.57	94.00
923.86	103.00
924.16	106.00
924.46	103.00
924.75	103.00
925.05	101.00
925.35	81.00
925.64	75.00
925.94	83.00
926.23	90.00
926.53	91.00
926.83	101.00
927.12	87.00
927.42	94.00
927.71	93.00
928.01	85.00
928.30	92.00
928.60	97.00
928.90	71.00
929.19	70.00
929.49	69.00
929.78	70.00
930.08	72.00
930.37	73.00
930.67	69.00
930.96	74.00
931.26	80.00
931.55	89.00
931.85	95.00
932.14	90.00
932.44	98.00
932.73	84.00
933.03	74.00
933.32	76.00
933.61	70.00
933.91	73.00
934.20	68.00
934.50	73.00
934.79	71.00
935.09	80.00
935.38	84.00
935.67	78.00
935.97	73.00
936.26	63.00
936.56	51.00
936.85	45.00
937.14	48.00
937.44	49.00
937.73	49.00
938.02	47.00
938.32	39.00
938.61	41.00
938.90	44.00
939.20	46.00
939.49	53.00
939.78	63.00
940.08	65.00
940.37	50.00
940.66	42.00
940.96	32.00
941.25	32.00
941.54	29.00
941.83	34.00
942.13	39.00
942.42	32.00
942.71	31.00
943.00	38.00
943.30	33.00
943.59	37.00
943.88	32.00
944.17	28.00
944.47	33.00
944.76	34.00
945.05	32.00
945.34	25.00
945.63	33.00
945.93	22.00
946.22	21.00
946.51	26.00
946.80	31.00
947.09	35.00
947.38	36.00
947.68	30.00
947.97	34.00
948.26	32.00
948.55	31.00
948.84	32.00
949.13	31.00
949.42	24.00
949.71	24.00
950.01	18.00
950.30	33.00
950.59	40.00
950.88	40.00
951.17	33.00
951.46	37.00
951.75	29.00
952.04	37.00
952.33	33.00
952.62	24.00
952.91	21.00
953.20	29.00
953.49	31.00
953.78	26.00
954.07	27.00
954.36	25.00
954.65	30.00
954.94	26.00
955.23	24.00
955.52	28.00
955.81	34.00
956.10	29.00
956.39	28.00
956.68	35.00
956.97	37.00
957.26	40.00
957.55	39.00
957.84	34.00
958.13	29.00
958.42	36.00
958.71	37.00
959.00	39.00
959.28	36.00
959.57	30.00
959.86	36.00
960.15	36.00
960.44	40.00
960.73	32.00
961.02	29.00
961.31	18.00
961.59	21.00
961.88	28.00
962.17	30.00
962.46	27.00
962.75	37.00
963.04	25.00
963.32	33.00
963.61	35.00
963.90	32.00
964.19	29.00
964.48	26.00
964.76	28.00
965.05	25.00
965.34	24.00
965.63	25.00
965.91	26.00
966.20	11.00
966.49	21.00
966.78	28.00
967.06	17.00
967.35	17.00
967.64	25.00
967.92	36.00
968.21	28.00
968.50	20.00
968.79	21.00
969.07	16.00
969.36	16.00
969.65	21.00
969.93	31.00
970.22	23.00
970.51	18.00
970.79	20.00
971.08	23.00
971.36	18.00
971.65	8.00
971.94	13.00
972.22	16.00
972.51	12.00
972.80	19.00
973.08	13.00
973.37	17.00
973.65	23.00
973.94	23.00
974.22	21.00
974.51	21.00
974.80	17.00
975.08	17.00
975.37	16.00
975.65	17.00
975.94	12.00
976.22	12.00
976.51	10.00
976.79	6.00
977.08	13.00
977.36	16.00
977.65	13.00
977.93	15.00
978.22	22.00
978.50	16.00
978.79	14.00
979.07	19.00
979.36	23.00
979.64	15.00
979.92	19.00
980.21	19.00
980.49	17.00
980.78	20.00
981.06	12.00
981.35	14.00
981.63	10.00
981.91	15.00
982.20	19.00
982.48	9.00
982.76	10.00
983.05	13.00
983.33	21.00
983.62	5.00
983.90	17.00
984.18	13.00
984.47	11.00
984.75	10.00
985.03	9.00
985.32	12.00
985.60	10.00
985.88	8.00
986.16	11.00
986.45	10.00
986.73	9.00
987.01	-1.00
987.30	2.00
987.58	2.00
987.86	9.00
988.14	7.00
988.43	9.00
988.71	12.00
988.99	6.00
989.27	11.00
989.56	14.00
989.84	6.00
990.12	9.00
990.40	13.00
990.68	17.00
990.97	7.00
991.25	2.00
991.53	7.00
991.81	7.00
992.09	3.00
992.37	14.00
992.65	12.00
992.94	11.00
993.22	15.00
993.50	6.00
993.78	7.00
994.06	13.00
994.34	5.00
994.62	-1.00
994.90	8.00
995.19	2.00
995.47	7.00
995.75	11.00
996.03	7.00
996.31	11.00
996.59	3.00
996.87	8.00
997.15	6.00
997.43	1.00
997.71	7.00
997.99	4.00
998.27	7.00
998.55	8.00
998.83	11.00
999.11	7.00
999.39	6.00
999.67	4.00
999.95	8.00
1000.23	9.00
1000.51	6.00
1000.79	12.00
1001.07	5.00
1001.35	5.00
1001.63	2.00
1001.91	0.00
1002.19	1.00
1002.46	6.00
1002.74	6.00
1003.02	6.00
1003.30	6.00
1003.58	2.00
1003.86	5.00
1004.14	3.00
1004.42	14.00
1004.70	9.00
1004.97	3.00
1005.25	10.00
1005.53	0.00
1005.81	6.00
1006.09	9.00
1006.37	3.00
1006.64	3.00
1006.92	4.00
1007.20	11.00
1007.48	10.00
1007.76	2.00
1008.03	-2.00
1008.31	5.00
1008.59	11.00
1008.87	2.00
1009.15	0.00
1009.42	-1.00
1009.70	3.00
1009.98	6.00
1010.25	2.00
1010.53	-1.00
1010.81	3.00
1011.09	2.00
1011.36	9.00
1011.64	-2.00
1011.92	4.00
1012.19	7.00
1012.47	13.00
1012.75	-1.00
1013.02	2.00
1013.30	4.00
1013.58	4.00
1013.85	0.00
1014.13	3.00
1014.41	1.00
1014.68	0.00
1014.96	1.00
1015.24	-2.00
1015.51	-2.00
1015.79	2.00
1016.06	4.00
1016.34	1.00
1016.61	0.00
1016.89	-10.00
1017.17	3.00
