340.36	0.00
340.73	4.00
341.11	-2.00
341.48	1.00
341.85	0.00
342.22	3.00
342.59	3.00
342.96	-2.00
343.34	0.00
343.71	5.00
344.08	1.00
344.45	1.00
344.82	-2.00
345.20	-6.00
345.57	0.00
345.94	-1.00
346.31	2.00
346.68	-4.00
347.05	1.00
347.42	-1.00
347.80	-5.00
348.17	-3.00
348.54	-5.00
348.91	-6.00
349.28	-4.00
349.65	20.00
350.02	23.00
350.40	24.00
350.77	16.00
351.14	19.00
351.51	14.00
351.88	17.00
352.25	11.00
352.62	13.00
352.99	25.00
353.37	19.00
353.74	24.00
354.11	24.00
354.48	17.00
354.85	20.00
355.22	16.00
355.59	17.00
355.96	14.00
356.33	19.00
356.70	23.00
357.07	15.00
357.44	21.00
357.82	27.00
358.19	29.00
358.56	26.00
358.93	20.00
359.30	26.00
359.67	23.00
360.04	20.00
360.41	21.00
360.78	26.00
361.15	23.00
361.52	27.00
361.89	24.00
362.26	30.00
362.63	25.00
363.00	22.00
363.37	33.00
363.74	33.00
364.11	30.00
364.48	28.00
364.85	41.00
365.22	30.00
365.59	34.00
365.96	38.00
366.33	33.00
366.70	44.00
367.07	40.00
367.44	37.00
367.81	36.00
368.18	43.00
368.55	38.00
368.92	52.00
369.29	46.00
369.66	50.00
370.03	52.00
370.40	43.00
370.77	52.00
371.14	49.00
371.51	55.00
371.88	55.00
372.25	53.00
372.62	57.00
372.99	55.00
373.36	44.00
373.73	55.00
374.10	61.00
374.47	58.00
374.84	67.00
375.21	65.00
375.58	71.00
375.95	67.00
376.32	72.00
376.69	71.00
377.05	68.00
377.42	77.00
377.79	74.00
378.16	73.00
378.53	88.00
378.90	82.00
379.27	77.00
379.64	87.00
380.01	91.00
380.38	89.00
380.75	85.00
381.11	97.00
381.48	90.00
381.85	97.00
382.22	98.00
382.59	107.00
382.96	97.00
383.33	106.00
383.70	116.00
384.06	119.00
384.43	122.00
384.80	118.00
385.17	123.00
385.54	131.00
385.91	139.00
386.28	131.00
386.64	132.00
387.01	137.00
387.38	139.00
387.75	137.00
388.12	149.00
388.49	138.00
388.85	144.00
389.22	152.00
389.59	144.00
389.96	160.00
390.33	165.00
390.70	149.00
391.06	169.00
391.43	170.00
391.80	170.00
392.17	171.00
392.54	170.00
392.90	174.00
393.27	178.00
393.64	183.00
394.01	169.00
394.38	176.00
394.74	177.00
395.11	192.00
395.48	185.00
395.85	197.00
396.21	192.00
396.58	191.00
396.95	209.00
397.32	210.00
397.69	220.00
398.05	209.00
398.42	212.00
398.79	215.00
399.16	223.00
399.52	231.00
399.89	226.00
400.26	238.00
400.62	251.00
400.99	235.00
401.36	225.00
401.73	248.00
402.09	270.00
402.46	261.00
402.83	265.00
403.20	285.00
403.56	286.00
403.93	275.00
404.30	279.00
404.66	287.00
405.03	298.00
405.40	285.00
405.76	276.00
406.13	300.00
406.50	290.00
406.86	306.00
407.23	300.00
407.60	328.00
407.97	304.00
408.33	311.00
408.70	304.00
409.07	325.00
409.43	349.00
409.80	326.00
410.17	342.00
410.53	331.00
410.90	338.00
411.26	352.00
411.63	335.00
412.00	325.00
412.36	343.00
412.73	356.00
413.10	355.00
413.46	358.00
413.83	356.00
414.20	375.00
414.56	371.00
414.93	347.00
415.29	369.00
415.66	381.00
416.03	378.00
416.39	391.00
416.76	390.00
417.12	400.00
417.49	399.00
417.86	421.00
418.22	395.00
418.59	438.00
418.95	403.00
419.32	430.00
419.68	440.00
420.05	459.00
420.42	432.00
420.78	469.00
421.15	480.00
421.51	477.00
421.88	468.00
422.24	482.00
422.61	524.00
422.97	523.00
423.34	536.00
423.71	534.00
424.07	547.00
424.44	546.00
424.80	579.00
425.17	566.00
425.53	551.00
425.90	544.00
426.26	598.00
426.63	564.00
426.99	575.00
427.36	604.00
427.72	643.00
428.09	643.00
428.45	679.00
428.82	607.00
429.18	595.00
429.55	638.00
429.91	634.00
430.28	617.00
430.64	663.00
431.01	694.00
431.37	654.00
431.74	680.00
432.10	673.00
432.47	700.00
432.83	682.00
433.19	694.00
433.56	732.00
433.92	668.00
434.29	675.00
434.65	723.00
435.02	719.00
435.38	745.00
435.75	679.00
436.11	721.00
436.47	694.00
436.84	692.00
437.20	742.00
437.57	759.00
437.93	778.00
438.30	731.00
438.66	757.00
439.02	757.00
439.39	759.00
439.75	780.00
440.12	795.00
440.48	756.00
440.84	765.00
441.21	835.00
441.57	822.00
441.94	832.00
442.30	847.00
442.66	834.00
443.03	864.00
443.39	896.00
443.75	958.00
444.12	904.00
444.48	1001.00
444.84	960.00
445.21	977.00
445.57	942.00
445.93	990.00
446.30	992.00
446.66	1037.00
447.02	992.00
447.39	1016.00
447.75	1042.00
448.11	1036.00
448.48	999.00
448.84	1040.00
449.20	1044.00
449.57	1033.00
449.93	1083.00
450.29	1139.00
450.66	1118.00
451.02	1090.00
451.38	1108.00
451.75	1155.00
452.11	1171.00
452.47	1021.00
452.83	1158.00
453.20	1151.00
453.56	1163.00
453.92	1205.00
454.28	1147.00
454.65	1178.00
455.01	1108.00
455.37	1096.00
455.74	1223.00
456.10	1192.00
456.46	1141.00
456.82	1219.00
457.19	1108.00
457.55	1182.00
457.91	1134.00
458.27	1216.00
458.63	1223.00
459.00	1251.00
459.36	1245.00
459.72	1197.00
460.08	1288.00
460.45	1274.00
460.81	1232.00
461.17	1144.00
461.53	1160.00
461.89	1262.00
462.26	1182.00
462.62	1252.00
462.98	1333.00
463.34	1251.00
463.70	1255.00
464.06	1220.00
464.43	1262.00
464.79	1312.00
465.15	1346.00
465.51	1239.00
465.87	1301.00
466.23	1347.00
466.60	1319.00
466.96	1288.00
467.32	1323.00
467.68	1389.00
468.04	1374.00
468.40	1493.00
468.77	1449.00
469.13	1464.00
469.49	1375.00
469.85	1413.00
470.21	1551.00
470.57	1413.00
470.93	1520.00
471.29	1549.00
471.65	1529.00
472.02	1536.00
472.38	1618.00
472.74	1665.00
473.10	1712.00
473.46	1715.00
473.82	1704.00
474.18	1809.00
474.54	1642.00
474.90	1700.00
475.26	1801.00
475.62	1846.00
475.98	1858.00
476.35	1672.00
476.71	1715.00
477.07	1882.00
477.43	1906.00
477.79	1987.00
478.15	2064.00
478.51	1958.00
478.87	2022.00
479.23	1980.00
479.59	2038.00
479.95	2048.00
480.31	2022.00
480.67	1967.00
481.03	2228.00
481.39	2113.00
481.75	2159.00
482.11	2196.00
482.47	2278.00
482.83	2124.00
483.19	2238.00
483.55	2247.00
483.91	2213.00
484.27	2135.00
484.63	2169.00
484.99	2204.00
485.35	2230.00
485.71	2241.00
486.07	2245.00
486.43	2158.00
486.79	2092.00
487.15	2206.00
487.51	2255.00
487.87	2240.00
488.23	2189.00
488.59	2246.00
488.95	2192.00
489.31	2220.00
489.66	2212.00
490.02	2238.00
490.38	2238.00
490.74	2205.00
491.10	2187.00
491.46	2136.00
491.82	2130.00
492.18	2164.00
492.54	2134.00
492.90	2091.00
493.26	2103.00
493.61	2154.00
493.97	2162.00
494.33	2155.00
494.69	2261.00
495.05	2292.00
495.41	2340.00
495.77	2325.00
496.13	2336.00
496.49	2307.00
496.84	2249.00
497.20	2321.00
497.56	2418.00
497.92	2469.00
498.28	2433.00
498.64	2420.00
499.00	2466.00
499.35	2506.00
499.71	2471.00
500.07	2511.00
500.43	2482.00
500.79	2600.00
501.14	2587.00
501.50	2587.00
501.86	2570.00
502.22	2538.00
502.58	2549.00
502.94	2540.00
503.29	2617.00
503.65	2617.00
504.01	2664.00
504.37	2674.00
504.73	2642.00
505.08	2603.00
505.44	2782.00
505.80	2828.00
506.16	2750.00
506.51	2814.00
506.87	2672.00
507.23	2808.00
507.59	2784.00
507.94	2830.00
508.30	2811.00
508.66	2830.00
509.02	3002.00
509.37	3019.00
509.73	2964.00
510.09	2928.00
510.45	2951.00
510.80	3046.00
511.16	2997.00
511.52	3013.00
511.87	3056.00
512.23	3200.00
512.59	3152.00
512.95	2951.00
513.30	2935.00
513.66	3032.00
514.02	3037.00
514.37	3001.00
514.73	2962.00
515.09	3012.00
515.44	2923.00
515.80	2865.00
516.16	3078.00
516.51	3094.00
516.87	3044.00
517.23	2961.00
517.58	2923.00
517.94	3037.00
518.30	2983.00
518.65	2895.00
519.01	2821.00
519.37	2897.00
519.72	2860.00
520.08	2848.00
520.43	2807.00
520.79	2959.00
521.15	2949.00
521.50	2935.00
521.86	2936.00
522.22	2854.00
522.57	2748.00
522.93	2770.00
523.28	2898.00
523.64	2915.00
524.00	2815.00
524.35	2890.00
524.71	2887.00
525.06	2991.00
525.42	2820.00
525.77	2750.00
526.13	2806.00
526.49	2836.00
526.84	2860.00
527.20	2883.00
527.55	2802.00
527.91	2812.00
528.26	2790.00
528.62	2747.00
528.97	2703.00
529.33	2670.00
529.68	2747.00
530.04	2822.00
530.40	2955.00
530.75	2775.00
531.11	2759.00
531.46	2837.00
531.82	2881.00
532.17	2855.00
532.53	2842.00
532.88	2778.00
533.24	2736.00
533.59	2823.00
533.95	2904.00
534.30	2797.00
534.65	2842.00
535.01	2900.00
535.36	2862.00
535.72	2828.00
536.07	2810.00
536.43	2766.00
536.78	2709.00
537.14	2765.00
537.49	2733.00
537.85	2749.00
538.20	2799.00
538.55	2924.00
538.91	2806.00
539.26	3043.00
539.62	3212.00
539.97	3010.00
540.33	2999.00
540.68	3093.00
541.03	2958.00
541.39	3066.00
541.74	3205.00
542.10	3078.00
542.45	3176.00
542.80	3227.00
543.16	3130.00
543.51	3128.00
543.87	3061.00
544.22	3138.00
544.57	3039.00
544.93	3163.00
545.28	3217.00
545.63	3116.00
545.99	3306.00
546.34	3253.00
546.69	3248.00
547.05	3294.00
547.40	3431.00
547.75	3340.00
548.11	3318.00
548.46	3223.00
548.81	3231.00
549.17	3322.00
549.52	3376.00
549.87	3392.00
550.23	3394.00
550.58	3360.00
550.93	3243.00
551.29	3333.00
551.64	3236.00
551.99	3236.00
552.35	3458.00
552.70	3506.00
553.05	3328.00
553.40	3481.00
553.76	3369.00
554.11	3349.00
554.46	3348.00
554.81	3312.00
555.17	3309.00
555.52	3245.00
555.87	3282.00
556.22	3292.00
556.58	3363.00
556.93	3281.00
557.28	3268.00
557.63	3353.00
557.99	3363.00
558.34	3459.00
558.69	3326.00
559.04	3320.00
559.39	3189.00
559.75	3268.00
560.10	3292.00
560.45	3255.00
560.80	3335.00
561.15	3240.00
561.51	3254.00
561.86	3290.00
562.21	3322.00
562.56	3273.00
562.91	3325.00
563.27	3282.00
563.62	3368.00
563.97	3496.00
564.32	3472.00
564.67	3445.00
565.02	3298.00
565.37	3474.00
565.73	3489.00
566.08	3421.00
566.43	3343.00
566.78	3486.00
567.13	3528.00
567.48	3313.00
567.83	3323.00
568.18	3276.00
568.54	3134.00
568.89	3026.00
569.24	2978.00
569.59	3034.00
569.94	3045.00
570.29	3054.00
570.64	3207.00
570.99	3505.00
571.34	3512.00
571.69	3438.00
572.04	3413.00
572.39	3460.00
572.75	3522.00
573.10	3433.00
573.45	3419.00
573.80	3469.00
574.15	3523.00
574.50	3447.00
574.85	3349.00
575.20	3365.00
575.55	3386.00
575.90	3409.00
576.25	3357.00
576.60	3404.00
576.95	3202.00
577.30	3192.00
577.65	3364.00
578.00	3230.00
578.35	3175.00
578.70	3153.00
579.05	3202.00
579.40	3360.00
579.75	3331.00
580.10	3219.00
580.45	3222.00
580.80	3250.00
581.15	3284.00
581.50	3337.00
581.85	3197.00
582.20	3087.00
582.55	3216.00
582.90	3243.00
583.25	3259.00
583.59	3294.00
583.94	3266.00
584.29	3329.00
584.64	3392.00
584.99	3315.00
585.34	3332.00
585.69	3432.00
586.04	3464.00
586.39	3496.00
586.74	3446.00
587.09	3425.00
587.43	3441.00
587.78	3416.00
588.13	3264.00
588.48	3354.00
588.83	3455.00
589.18	3380.00
589.53	3408.00
589.88	3349.00
590.22	3405.00
590.57	3235.00
590.92	3281.00
591.27	3314.00
591.62	3337.00
591.97	3547.00
592.32	3585.00
592.66	3651.00
593.01	3773.00
593.36	3768.00
593.71	3760.00
594.06	3614.00
594.40	3761.00
594.75	3662.00
595.10	3577.00
595.45	3681.00
595.80	3667.00
596.14	3613.00
596.49	3553.00
596.84	3691.00
597.19	3604.00
597.54	3582.00
597.88	3346.00
598.23	3371.00
598.58	3349.00
598.93	3346.00
599.27	3359.00
599.62	3424.00
599.97	3318.00
600.32	3280.00
600.66	3314.00
601.01	3408.00
601.36	3524.00
601.71	3562.00
602.05	3626.00
602.40	3773.00
602.75	3875.00
603.09	3843.00
603.44	3845.00
603.79	3796.00
604.14	3696.00
604.48	3587.00
604.83	3632.00
605.18	3718.00
605.52	3770.00
605.87	3600.00
606.22	3610.00
606.56	3678.00
606.91	3655.00
607.26	3595.00
607.60	3559.00
607.95	3601.00
608.30	3690.00
608.64	3569.00
608.99	3558.00
609.33	3501.00
609.68	3497.00
610.03	3704.00
610.37	3689.00
610.72	3850.00
611.07	3799.00
611.41	3678.00
611.76	3657.00
612.10	3563.00
612.45	3540.00
612.80	3530.00
613.14	3530.00
613.49	3555.00
613.83	3539.00
614.18	3500.00
614.52	3569.00
614.87	3418.00
615.22	3358.00
615.56	3451.00
615.91	3330.00
616.25	3314.00
616.60	3379.00
616.94	3337.00
617.29	3255.00
617.63	3099.00
617.98	3082.00
618.32	3237.00
618.67	3404.00
619.02	3375.00
619.36	3411.00
619.71	3402.00
620.05	3317.00
620.40	3345.00
620.74	3364.00
621.09	3304.00
621.43	3198.00
621.78	3220.00
622.12	3238.00
622.46	3235.00
622.81	3134.00
623.15	3236.00
623.50	3210.00
623.84	3194.00
624.19	3170.00
624.53	3202.00
624.88	3240.00
625.22	3039.00
625.57	3171.00
625.91	3165.00
626.25	3288.00
626.60	3371.00
626.94	3258.00
627.29	3195.00
627.63	3207.00
627.97	3345.00
628.32	3492.00
628.66	3475.00
629.01	3360.00
629.35	3332.00
629.69	3219.00
630.04	3222.00
630.38	3208.00
630.73	3263.00
631.07	3333.00
631.41	3122.00
631.76	3111.00
632.10	3104.00
632.44	3203.00
632.79	3075.00
633.13	3044.00
633.47	3119.00
633.82	3221.00
634.16	3133.00
634.50	3090.00
634.85	3141.00
635.19	3073.00
635.53	3013.00
635.88	3059.00
636.22	3081.00
636.56	3013.00
636.91	2988.00
637.25	2971.00
637.59	2951.00
637.93	2941.00
638.28	3042.00
638.62	3036.00
638.96	2889.00
639.30	2980.00
639.65	3016.00
639.99	3065.00
640.33	3083.00
640.67	3052.00
641.02	2918.00
641.36	2890.00
641.70	2926.00
642.04	2961.00
642.39	2891.00
642.73	2996.00
643.07	2930.00
643.41	3026.00
643.75	3055.00
644.10	3138.00
644.44	3090.00
644.78	2961.00
645.12	2982.00
645.46	3019.00
645.81	3064.00
646.15	3109.00
646.49	3064.00
646.83	3180.00
647.17	3185.00
647.51	3161.00
647.86	3108.00
648.20	3146.00
648.54	3243.00
648.88	3178.00
649.22	3131.00
649.56	3168.00
649.90	3095.00
650.25	3133.00
650.59	3089.00
650.93	3116.00
651.27	3149.00
651.61	3122.00
651.95	3172.00
652.29	3123.00
652.63	3053.00
652.97	3214.00
653.32	3208.00
653.66	3099.00
654.00	3131.00
654.34	3064.00
654.68	3203.00
655.02	3252.00
655.36	3303.00
655.70	3338.00
656.04	3209.00
656.38	3129.00
656.72	3289.00
657.06	3306.00
657.40	3324.00
657.74	3225.00
658.08	3149.00
658.42	3232.00
658.76	3236.00
659.10	3171.00
659.44	3126.00
659.78	3214.00
660.12	3192.00
660.46	3266.00
660.80	3352.00
661.14	3359.00
661.48	3432.00
661.82	3441.00
662.16	3316.00
662.50	3291.00
662.84	3327.00
663.18	3242.00
663.52	3288.00
663.86	3395.00
664.20	3398.00
664.54	3265.00
664.88	3175.00
665.22	3109.00
665.56	3164.00
665.90	3113.00
666.23	3158.00
666.57	3136.00
666.91	3068.00
667.25	2990.00
667.59	3007.00
667.93	3008.00
668.27	3118.00
668.61	2944.00
668.95	2937.00
669.28	3096.00
669.62	3089.00
669.96	2881.00
670.30	2756.00
670.64	2592.00
670.98	2800.00
671.32	2760.00
671.65	2769.00
671.99	2627.00
672.33	2644.00
672.67	2485.00
673.01	2521.00
673.35	2514.00
673.68	2520.00
674.02	2535.00
674.36	2498.00
674.70	2566.00
675.04	2744.00
675.37	2710.00
675.71	2602.00
676.05	2571.00
676.39	2549.00
676.73	2542.00
677.06	2618.00
677.40	2542.00
677.74	2381.00
678.08	2383.00
678.41	2271.00
678.75	2191.00
679.09	2395.00
679.43	2323.00
679.76	2396.00
680.10	2402.00
680.44	2427.00
680.78	2371.00
681.11	2430.00
681.45	2460.00
681.79	2388.00
682.12	2441.00
682.46	2565.00
682.80	2530.00
683.13	2506.00
683.47	2416.00
683.81	2362.00
684.14	2303.00
684.48	2452.00
684.82	2433.00
685.15	2558.00
685.49	2334.00
685.83	2624.00
686.16	2610.00
686.50	2638.00
686.84	2555.00
687.17	2675.00
687.51	2658.00
687.85	2621.00
688.18	2503.00
688.52	2495.00
688.85	2553.00
689.19	2478.00
689.53	2572.00
689.86	2551.00
690.20	2448.00
690.53	2486.00
690.87	2491.00
691.21	2517.00
691.54	2433.00
691.88	2384.00
692.21	2357.00
692.55	2397.00
692.88	2487.00
693.22	2559.00
693.55	2448.00
693.89	2397.00
694.23	2280.00
694.56	2238.00
694.90	2267.00
695.23	2222.00
695.57	2162.00
695.90	2148.00
696.24	2325.00
696.57	2343.00
696.91	2369.00
697.24	2488.00
697.58	2468.00
697.91	2460.00
698.25	2481.00
698.58	2535.00
698.92	2317.00
699.25	2244.00
699.58	2292.00
699.92	2239.00
700.25	2140.00
700.59	2322.00
700.92	2451.00
701.26	2429.00
701.59	2389.00
701.93	2449.00
702.26	2491.00
702.59	2577.00
702.93	2657.00
703.26	2599.00
703.60	2644.00
703.93	2526.00
704.26	2529.00
704.60	2397.00
704.93	2272.00
705.27	2325.00
705.60	2401.00
705.93	2413.00
706.27	2461.00
706.60	2282.00
706.93	2179.00
707.27	2257.00
707.60	2323.00
707.93	2378.00
708.27	2259.00
708.60	2153.00
708.93	2012.00
709.27	2101.00
709.60	2247.00
709.93	2270.00
710.27	2297.00
710.60	2233.00
710.93	2109.00
711.27	2257.00
711.60	2361.00
711.93	2306.00
712.26	2421.00
712.60	2410.00
712.93	2352.00
713.26	2314.00
713.60	2316.00
713.93	2214.00
714.26	2245.00
714.59	2240.00
714.93	2162.00
715.26	2271.00
715.59	2107.00
715.92	2241.00
716.26	2309.00
716.59	2262.00
716.92	2172.00
717.25	2138.00
717.58	2252.00
717.92	2261.00
718.25	2316.00
718.58	2269.00
718.91	2119.00
719.24	2051.00
719.57	1966.00
719.91	1888.00
720.24	1975.00
720.57	2242.00
720.90	2202.00
721.23	2172.00
721.56	2107.00
721.90	2192.00
722.23	2135.00
722.56	2184.00
722.89	2213.00
723.22	2069.00
723.55	1958.00
723.88	1895.00
724.21	1796.00
724.55	1760.00
724.88	1860.00
725.21	1815.00
725.54	1842.00
725.87	1815.00
726.20	1913.00
726.53	1888.00
726.86	1988.00
727.19	2085.00
727.52	2054.00
727.85	1965.00
728.18	1807.00
728.51	1790.00
728.84	1707.00
729.17	1752.00
729.51	1744.00
729.84	1802.00
730.17	1829.00
730.50	1921.00
730.83	1950.00
731.16	1816.00
731.49	1718.00
731.82	1771.00
732.15	1935.00
732.48	2047.00
732.81	1935.00
733.14	1855.00
733.47	1913.00
733.79	2067.00
734.12	2053.00
734.45	1965.00
734.78	1775.00
735.11	1747.00
735.44	1807.00
735.77	1916.00
736.10	1914.00
736.43	1820.00
736.76	1691.00
737.09	1658.00
737.42	1866.00
737.75	1958.00
738.08	2073.00
738.41	1996.00
738.73	1953.00
739.06	1844.00
739.39	1771.00
739.72	1645.00
740.05	1671.00
740.38	1641.00
740.71	1572.00
741.04	1694.00
741.36	1686.00
741.69	1645.00
742.02	1790.00
742.35	1784.00
742.68	1764.00
743.01	1747.00
743.33	1703.00
743.66	1780.00
743.99	1733.00
744.32	1611.00
744.65	1490.00
744.97	1443.00
745.30	1449.00
745.63	1452.00
745.96	1374.00
746.29	1444.00
746.61	1492.00
746.94	1556.00
747.27	1519.00
747.60	1513.00
747.92	1601.00
748.25	1569.00
748.58	1644.00
748.91	1687.00
749.23	1647.00
749.56	1596.00
749.89	1732.00
750.22	1783.00
750.54	1586.00
750.87	1507.00
751.20	1505.00
751.52	1509.00
751.85	1405.00
752.18	1422.00
752.51	1449.00
752.83	1418.00
753.16	1442.00
753.49	1505.00
753.81	1365.00
754.14	1321.00
754.47	1391.00
754.79	1401.00
755.12	1353.00
755.44	1340.00
755.77	1342.00
756.10	1412.00
756.42	1510.00
756.75	1540.00
757.08	1526.00
757.40	1507.00
757.73	1429.00
758.05	1367.00
758.38	1353.00
758.71	1340.00
759.03	1336.00
759.36	1274.00
759.68	1311.00
760.01	1318.00
760.33	1312.00
760.66	1357.00
760.99	1259.00
761.31	1220.00
761.64	1242.00
761.96	1212.00
762.29	1184.00
762.61	1259.00
762.94	1312.00
763.26	1258.00
763.59	1171.00
763.91	1106.00
764.24	1125.00
764.56	1153.00
764.89	1153.00
765.21	1192.00
765.54	1216.00
765.86	1196.00
766.19	1190.00
766.51	1213.00
766.84	1189.00
767.16	1204.00
767.49	1238.00
767.81	1230.00
768.14	1222.00
768.46	1275.00
768.78	1302.00
769.11	1265.00
769.43	1166.00
769.76	1115.00
770.08	1123.00
770.40	1215.00
770.73	1272.00
771.05	1199.00
771.38	1192.00
771.70	1109.00
772.02	1068.00
772.35	1058.00
772.67	1223.00
773.00	1263.00
773.32	1238.00
773.64	1155.00
773.97	1146.00
774.29	1169.00
774.61	1116.00
774.94	1051.00
775.26	979.00
775.58	970.00
775.91	1037.00
776.23	1106.00
776.55	1058.00
776.88	965.00
777.20	908.00
777.52	926.00
777.84	963.00
778.17	966.00
778.49	989.00
778.81	969.00
779.14	940.00
779.46	970.00
779.78	970.00
780.10	943.00
780.43	958.00
780.75	1018.00
781.07	1070.00
781.39	992.00
781.72	991.00
782.04	941.00
782.36	894.00
782.68	898.00
783.00	1016.00
783.33	979.00
783.65	893.00
783.97	962.00
784.29	1109.00
784.61	1016.00
784.94	978.00
785.26	969.00
785.58	876.00
785.90	866.00
786.22	840.00
786.54	908.00
786.86	913.00
787.19	986.00
787.51	949.00
787.83	912.00
788.15	896.00
788.47	971.00
788.79	966.00
789.11	976.00
789.43	963.00
789.76	997.00
790.08	984.00
790.40	1055.00
790.72	1022.00
791.04	975.00
791.36	946.00
791.68	861.00
792.00	806.00
792.32	765.00
792.64	843.00
792.96	864.00
793.28	833.00
793.60	903.00
793.92	974.00
794.24	979.00
794.56	968.00
794.88	1016.00
795.20	1020.00
795.52	1025.00
795.84	919.00
796.16	865.00
796.48	860.00
796.80	870.00
797.12	838.00
797.44	788.00
797.76	805.00
798.08	840.00
798.40	885.00
798.72	818.00
799.04	845.00
799.36	833.00
799.68	886.00
800.00	946.00
800.32	917.00
800.64	906.00
800.96	992.00
801.28	1024.00
801.60	1005.00
801.91	958.00
802.23	909.00
802.55	892.00
802.87	851.00
803.19	852.00
803.51	796.00
803.83	788.00
804.15	787.00
804.46	809.00
804.78	779.00
805.10	818.00
805.42	842.00
805.74	931.00
806.06	1035.00
806.37	1132.00
806.69	1071.00
807.01	963.00
807.33	870.00
807.65	767.00
807.96	774.00
808.28	827.00
808.60	812.00
808.92	793.00
809.24	843.00
809.55	825.00
809.87	787.00
810.19	752.00
810.51	797.00
810.82	839.00
811.14	845.00
811.46	828.00
811.78	816.00
812.09	755.00
812.41	724.00
812.73	749.00
813.05	753.00
813.36	759.00
813.68	792.00
814.00	791.00
814.31	837.00
814.63	850.00
814.95	784.00
815.26	704.00
815.58	645.00
815.90	695.00
816.21	712.00
816.53	684.00
816.85	660.00
817.16	649.00
817.48	642.00
817.80	701.00
818.11	768.00
818.43	789.00
818.74	777.00
819.06	770.00
819.38	698.00
819.69	677.00
820.01	718.00
820.32	786.00
820.64	755.00
820.96	749.00
821.27	725.00
821.59	712.00
821.90	719.00
822.22	684.00
822.53	691.00
822.85	659.00
823.16	592.00
823.48	585.00
823.80	595.00
824.11	558.00
824.43	578.00
824.74	563.00
825.06	510.00
825.37	473.00
825.69	508.00
826.00	527.00
826.32	528.00
826.63	534.00
826.94	485.00
827.26	497.00
827.57	533.00
827.89	560.00
828.20	602.00
828.52	611.00
828.83	554.00
829.15	596.00
829.46	624.00
829.78	610.00
830.09	563.00
830.40	587.00
830.72	558.00
831.03	590.00
831.35	574.00
831.66	525.00
831.97	517.00
832.29	516.00
832.60	475.00
832.91	477.00
833.23	498.00
833.54	527.00
833.86	571.00
834.17	509.00
834.48	516.00
834.80	488.00
835.11	468.00
835.42	493.00
835.74	503.00
836.05	455.00
836.36	465.00
836.67	449.00
836.99	422.00
837.30	424.00
837.61	457.00
837.93	474.00
838.24	463.00
838.55	437.00
838.86	449.00
839.18	449.00
839.49	448.00
839.80	454.00
840.11	481.00
840.43	435.00
840.74	417.00
841.05	395.00
841.36	398.00
841.68	422.00
841.99	445.00
842.30	464.00
842.61	458.00
842.92	503.00
843.24	493.00
843.55	474.00
843.86	450.00
844.17	445.00
844.48	482.00
844.79	496.00
845.11	471.00
845.42	444.00
845.73	446.00
846.04	452.00
846.35	454.00
846.66	435.00
846.97	395.00
847.29	416.00
847.60	415.00
847.91	467.00
848.22	520.00
848.53	500.00
848.84	473.00
849.15	440.00
849.46	420.00
849.77	425.00
850.08	426.00
850.39	406.00
850.70	380.00
851.01	343.00
851.32	352.00
851.64	381.00
851.95	363.00
852.26	374.00
852.57	395.00
852.88	379.00
853.19	360.00
853.50	382.00
853.81	398.00
854.12	418.00
854.43	427.00
854.74	438.00
855.05	456.00
855.36	414.00
855.67	400.00
855.97	357.00
856.28	354.00
856.59	357.00
856.90	355.00
857.21	347.00
857.52	339.00
857.83	344.00
858.14	361.00
858.45	327.00
858.76	327.00
859.07	377.00
859.38	400.00
859.69	378.00
859.99	394.00
860.30	385.00
860.61	339.00
860.92	349.00
861.23	352.00
861.54	352.00
861.85	362.00
862.15	400.00
862.46	407.00
862.77	414.00
863.08	409.00
863.39	398.00
863.70	396.00
864.00	386.00
864.31	358.00
864.62	383.00
864.93	362.00
865.24	346.00
865.54	358.00
865.85	361.00
866.16	356.00
866.47	358.00
866.77	369.00
867.08	366.00
867.39	367.00
867.70	358.00
868.00	336.00
868.31	292.00
868.62	269.00
868.93	259.00
869.23	260.00
869.54	266.00
869.85	266.00
870.15	288.00
870.46	294.00
870.77	301.00
871.07	299.00
871.38	288.00
871.69	293.00
871.99	301.00
872.30	280.00
872.61	287.00
872.91	295.00
873.22	312.00
873.53	281.00
873.83	266.00
874.14	251.00
874.45	220.00
874.75	226.00
875.06	230.00
875.36	220.00
875.67	206.00
875.98	225.00
876.28	235.00
876.59	255.00
876.89	277.00
877.20	285.00
877.50	291.00
877.81	295.00
878.12	311.00
878.42	332.00
878.73	327.00
879.03	281.00
879.34	265.00
879.64	247.00
879.95	234.00
880.25	223.00
880.56	216.00
880.86	206.00
881.17	218.00
881.47	223.00
881.78	224.00
882.08	217.00
882.39	233.00
882.69	268.00
883.00	284.00
883.30	278.00
883.60	290.00
883.91	271.00
884.21	270.00
884.52	277.00
884.82	278.00
885.13	271.00
885.43	258.00
885.73	212.00
886.04	199.00
886.34	187.00
886.65	186.00
886.95	230.00
887.25	236.00
887.56	212.00
887.86	243.00
888.16	255.00
888.47	240.00
888.77	229.00
889.07	253.00
889.38	235.00
889.68	216.00
889.98	220.00
890.29	207.00
890.59	221.00
890.89	241.00
891.20	244.00
891.50	198.00
891.80	203.00
892.10	228.00
892.41	235.00
892.71	221.00
893.01	201.00
893.32	183.00
893.62	180.00
893.92	191.00
894.22	208.00
894.52	223.00
894.83	233.00
895.13	245.00
895.43	235.00
895.73	224.00
896.04	210.00
896.34	195.00
896.64	224.00
896.94	225.00
897.24	217.00
897.54	210.00
897.85	201.00
898.15	189.00
898.45	184.00
898.75	176.00
899.05	175.00
899.35	184.00
899.66	189.00
899.96	175.00
900.26	178.00
900.56	181.00
900.86	205.00
901.16	188.00
901.46	184.00
901.76	207.00
902.06	210.00
902.36	218.00
902.67	211.00
902.97	190.00
903.27	175.00
903.57	153.00
903.87	154.00
904.17	155.00
904.47	132.00
904.77	139.00
905.07	150.00
905.37	169.00
905.67	172.00
905.97	196.00
906.27	208.00
906.57	184.00
906.87	202.00
907.17	211.00
907.47	188.00
907.77	193.00
908.07	200.00
908.37	181.00
908.67	173.00
908.97	180.00
909.27	181.00
909.57	165.00
909.87	186.00
910.16	199.00
910.46	202.00
910.76	201.00
911.06	187.00
911.36	177.00
911.66	166.00
911.96	157.00
912.26	176.00
912.56	182.00
912.86	168.00
913.15	161.00
913.45	160.00
913.75	165.00
914.05	160.00
914.35	166.00
914.65	162.00
914.94	156.00
915.24	141.00
915.54	146.00
915.84	150.00
916.14	164.00
916.43	154.00
916.73	149.00
917.03	149.00
917.33	159.00
917.63	149.00
917.92	134.00
918.22	136.00
918.52	119.00
918.82	133.00
919.11	132.00
919.41	128.00
919.71	118.00
920.01	119.00
920.30	118.00
920.60	122.00
920.90	118.00
921.19	124.00
921.49	120.00
921.79	121.00
922.09	113.00
922.38	111.00
922.68	132.00
922.98	123.00
923.27	123.00
923.57	118.00
923.86	120.00
924.16	113.00
924.46	100.00
924.75	112.00
925.05	108.00
925.35	87.00
925.64	75.00
925.94	88.00
926.23	98.00
926.53	103.00
926.83	103.00
927.12	98.00
927.42	98.00
927.71	100.00
928.01	94.00
928.30	100.00
928.60	96.00
928.90	88.00
929.19	78.00
929.49	72.00
929.78	70.00
930.08	75.00
930.37	77.00
930.67	75.00
930.96	88.00
931.26	98.00
931.55	109.00
931.85	111.00
932.14	110.00
932.44	104.00
932.73	94.00
933.03	71.00
933.32	82.00
933.61	87.00
933.91	80.00
934.20	81.00
934.50	86.00
934.79	84.00
935.09	94.00
935.38	93.00
935.67	85.00
935.97	81.00
936.26	69.00
936.56	59.00
936.85	62.00
937.14	53.00
937.44	48.00
937.73	48.00
938.02	47.00
938.32	49.00
938.61	47.00
938.90	61.00
939.20	57.00
939.49	57.00
939.78	58.00
940.08	68.00
940.37	54.00
940.66	46.00
940.96	42.00
941.25	38.00
941.54	37.00
941.83	40.00
942.13	42.00
942.42	33.00
942.71	33.00
943.00	39.00
943.30	37.00
943.59	29.00
943.88	34.00
944.17	35.00
944.47	41.00
944.76	56.00
945.05	30.00
945.34	35.00
945.63	31.00
945.93	30.00
946.22	25.00
946.51	35.00
946.80	33.00
947.09	47.00
947.38	42.00
947.68	35.00
947.97	33.00
948.26	33.00
948.55	33.00
948.84	37.00
949.13	35.00
949.42	34.00
949.71	37.00
950.01	31.00
950.30	37.00
950.59	43.00
950.88	42.00
951.17	40.00
951.46	41.00
951.75	37.00
952.04	34.00
952.33	39.00
952.62	32.00
952.91	35.00
953.20	26.00
953.49	32.00
953.78	35.00
954.07	33.00
954.36	29.00
954.65	38.00
954.94	31.00
955.23	27.00
955.52	36.00
955.81	43.00
956.10	37.00
956.39	39.00
956.68	32.00
956.97	40.00
957.26	40.00
957.55	40.00
957.84	43.00
958.13	40.00
958.42	46.00
958.71	32.00
959.00	39.00
959.28	40.00
959.57	36.00
959.86	38.00
960.15	41.00
960.44	36.00
960.73	32.00
961.02	33.00
961.31	24.00
961.59	30.00
961.88	30.00
962.17	34.00
962.46	30.00
962.75	42.00
963.04	39.00
963.32	40.00
963.61	29.00
963.90	33.00
964.19	38.00
964.48	27.00
964.76	33.00
965.05	30.00
965.34	32.00
965.63	24.00
965.91	27.00
966.20	30.00
966.49	24.00
966.78	24.00
967.06	24.00
967.35	24.00
967.64	24.00
967.92	40.00
968.21	32.00
968.50	20.00
968.79	27.00
969.07	28.00
969.36	24.00
969.65	27.00
969.93	26.00
970.22	20.00
970.51	24.00
970.79	26.00
971.08	26.00
971.36	24.00
971.65	20.00
971.94	23.00
972.22	20.00
972.51	11.00
972.80	21.00
973.08	22.00
973.37	19.00
973.65	21.00
973.94	24.00
974.22	25.00
974.51	20.00
974.80	20.00
975.08	22.00
975.37	17.00
975.65	18.00
975.94	12.00
976.22	15.00
976.51	15.00
976.79	13.00
977.08	13.00
977.36	19.00
977.65	16.00
977.93	13.00
978.22	23.00
978.50	21.00
978.79	21.00
979.07	18.00
979.36	21.00
979.64	22.00
979.92	20.00
980.21	18.00
980.49	18.00
980.78	23.00
981.06	15.00
981.35	18.00
981.63	18.00
981.91	15.00
982.20	17.00
982.48	13.00
982.76	18.00
983.05	21.00
983.33	20.00
983.62	14.00
983.90	10.00
984.18	14.00
984.47	11.00
984.75	14.00
985.03	17.00
985.32	14.00
985.60	9.00
985.88	11.00
986.16	15.00
986.45	18.00
986.73	7.00
987.01	-1.00
987.30	1.00
987.58	7.00
987.86	10.00
988.14	13.00
988.43	16.00
988.71	16.00
988.99	11.00
989.27	10.00
989.56	10.00
989.84	17.00
990.12	13.00
990.40	17.00
990.68	11.00
990.97	5.00
991.25	3.00
991.53	11.00
991.81	12.00
992.09	8.00
992.37	19.00
992.65	19.00
992.94	13.00
993.22	13.00
993.50	9.00
993.78	3.00
994.06	7.00
994.34	10.00
994.62	14.00
994.90	8.00
995.19	6.00
995.47	16.00
995.75	9.00
996.03	8.00
996.31	9.00
996.59	5.00
996.87	8.00
997.15	5.00
997.43	6.00
997.71	9.00
997.99	5.00
998.27	11.00
998.55	18.00
998.83	17.00
999.11	9.00
999.39	5.00
999.67	10.00
999.95	8.00
1000.23	6.00
1000.51	9.00
1000.79	11.00
1001.07	9.00
1001.35	3.00
1001.63	3.00
1001.91	12.00
1002.19	9.00
1002.46	6.00
1002.74	6.00
1003.02	9.00
1003.30	6.00
1003.58	9.00
1003.86	10.00
1004.14	9.00
1004.42	12.00
1004.70	14.00
1004.97	8.00
1005.25	6.00
1005.53	2.00
1005.81	9.00
1006.09	6.00
1006.37	4.00
1006.64	6.00
1006.92	7.00
1007.20	10.00
1007.48	10.00
1007.76	4.00
1008.03	-2.00
1008.31	5.00
1008.59	5.00
1008.87	5.00
1009.15	7.00
1009.42	-1.00
1009.70	4.00
1009.98	11.00
1010.25	4.00
1010.53	1.00
1010.81	2.00
1011.09	6.00
1011.36	12.00
1011.64	6.00
1011.92	8.00
1012.19	10.00
1012.47	6.00
1012.75	4.00
1013.02	6.00
1013.30	2.00
1013.58	4.00
1013.85	5.00
1014.13	8.00
1014.41	10.00
1014.68	4.00
1014.96	4.00
1015.24	2.00
1015.51	1.00
1015.79	1.00
1016.06	0.00
1016.34	3.00
1016.61	4.00
1016.89	-7.00
1017.17	4.00
