340.36	0.00
340.73	-2.00
341.11	-8.00
341.48	1.00
341.85	0.00
342.22	0.00
342.59	2.00
342.96	0.00
343.34	-1.00
343.71	6.00
344.08	3.00
344.45	3.00
344.82	-1.00
345.20	3.00
345.57	4.00
345.94	-2.00
346.31	6.00
346.68	0.00
347.05	4.00
347.42	2.00
347.80	-6.00
348.17	-4.00
348.54	-6.00
348.91	-12.00
349.28	-10.00
349.65	1.00
350.02	2.00
350.40	4.00
350.77	2.00
351.14	-4.00
351.51	-9.00
351.88	-4.00
352.25	-6.00
352.62	-1.00
352.99	12.00
353.37	12.00
353.74	2.00
354.11	1.00
354.48	-6.00
354.85	1.00
355.22	-5.00
355.59	-2.00
355.96	-1.00
356.33	5.00
356.70	1.00
357.07	-5.00
357.44	0.00
357.82	3.00
358.19	2.00
358.56	1.00
358.93	4.00
359.30	4.00
359.67	-1.00
360.04	-3.00
360.41	-7.00
360.78	0.00
361.15	-2.00
361.52	-2.00
361.89	3.00
362.26	0.00
362.63	-2.00
363.00	-11.00
363.37	-4.00
363.74	-3.00
364.11	3.00
364.48	0.00
364.85	-1.00
365.22	-2.00
365.59	-6.00
365.96	-4.00
366.33	-4.00
366.70	0.00
367.07	-1.00
367.44	-2.00
367.81	-3.00
368.18	4.00
368.55	-5.00
368.92	-3.00
369.29	1.00
369.66	5.00
370.03	3.00
370.40	-5.00
370.77	-4.00
371.14	4.00
371.51	5.00
371.88	3.00
372.25	5.00
372.62	4.00
372.99	0.00
373.36	-16.00
373.73	-11.00
374.10	-1.00
374.47	-5.00
374.84	0.00
375.21	0.00
375.58	2.00
375.95	-4.00
376.32	0.00
376.69	-6.00
377.05	-3.00
377.42	-4.00
377.79	-4.00
378.16	-1.00
378.53	3.00
378.90	0.00
379.27	-3.00
379.64	-3.00
380.01	-2.00
380.38	1.00
380.75	-6.00
381.11	-4.00
381.48	-8.00
381.85	-2.00
382.22	-7.00
382.59	-6.00
382.96	-2.00
383.33	-1.00
383.70	2.00
384.06	-1.00
384.43	4.00
384.80	-2.00
385.17	0.00
385.54	2.00
385.91	1.00
386.28	-9.00
386.64	-6.00
387.01	-10.00
387.38	-4.00
387.75	-4.00
388.12	0.00
388.49	-6.00
388.85	0.00
389.22	-2.00
389.59	-10.00
389.96	-11.00
390.33	3.00
390.70	6.00
391.06	0.00
391.43	-2.00
391.80	4.00
392.17	8.00
392.54	5.00
392.90	-2.00
393.27	-2.00
393.64	1.00
394.01	5.00
394.38	-6.00
394.74	-3.00
395.11	-1.00
395.48	-2.00
395.85	2.00
396.21	0.00
396.58	4.00
396.95	9.00
397.32	0.00
397.69	0.00
398.05	2.00
398.42	-1.00
398.79	1.00
399.16	-1.00
399.52	-2.00
399.89	-1.00
400.26	-1.00
400.62	-1.00
400.99	-4.00
401.36	2.00
401.73	0.00
402.09	-3.00
402.46	-7.00
402.83	5.00
403.20	-7.00
403.56	-1.00
403.93	0.00
404.30	-3.00
404.66	-7.00
405.03	3.00
405.40	1.00
405.76	-9.00
406.13	-6.00
406.50	-1.00
406.86	-2.00
407.23	1.00
407.60	5.00
407.97	-4.00
408.33	-4.00
408.70	1.00
409.07	2.00
409.43	5.00
409.80	1.00
410.17	1.00
410.53	-4.00
410.90	-1.00
411.26	-3.00
411.63	-9.00
412.00	-6.00
412.36	0.00
412.73	2.00
413.10	7.00
413.46	6.00
413.83	1.00
414.20	3.00
414.56	3.00
414.93	-3.00
415.29	-5.00
415.66	-10.00
416.03	-2.00
416.39	-3.00
416.76	5.00
417.12	2.00
417.49	0.00
417.86	0.00
418.22	-2.00
418.59	-2.00
418.95	7.00
419.32	5.00
419.68	1.00
420.05	2.00
420.42	-1.00
420.78	-1.00
421.15	0.00
421.51	-7.00
421.88	-2.00
422.24	1.00
422.61	-2.00
422.97	0.00
423.34	-6.00
423.71	5.00
424.07	-1.00
424.44	5.00
424.80	1.00
425.17	-6.00
425.53	-1.00
425.90	-4.00
426.26	5.00
426.63	3.00
426.99	10.00
427.36	7.00
427.72	0.00
428.09	-5.00
428.45	-3.00
428.82	3.00
429.18	0.00
429.55	-4.00
429.91	-4.00
430.28	-3.00
430.64	-1.00
431.01	1.00
431.37	-1.00
431.74	-1.00
432.10	3.00
432.47	-2.00
432.83	4.00
433.19	-2.00
433.56	-4.00
433.92	5.00
434.29	-3.00
434.65	1.00
435.02	-1.00
435.38	6.00
435.75	-5.00
436.11	-1.00
436.47	-3.00
436.84	-8.00
437.20	9.00
437.57	0.00
437.93	4.00
438.30	3.00
438.66	-3.00
439.02	1.00
439.39	2.00
439.75	6.00
440.12	0.00
440.48	-5.00
440.84	0.00
441.21	-1.00
441.57	-1.00
441.94	-4.00
442.30	-2.00
442.66	3.00
443.03	-2.00
443.39	2.00
443.75	5.00
444.12	-6.00
444.48	2.00
444.84	3.00
445.21	1.00
445.57	5.00
445.93	1.00
446.30	-6.00
446.66	-2.00
447.02	-2.00
447.39	-1.00
447.75	4.00
448.11	6.00
448.48	6.00
448.84	1.00
449.20	-5.00
449.57	4.00
449.93	-5.00
450.29	-2.00
450.66	7.00
451.02	-2.00
451.38	-3.00
451.75	-4.00
452.11	0.00
452.47	-4.00
452.83	0.00
453.20	6.00
453.56	-2.00
453.92	4.00
454.28	-3.00
454.65	1.00
455.01	3.00
455.37	0.00
455.74	0.00
456.10	-1.00
456.46	-1.00
456.82	8.00
457.19	7.00
457.55	8.00
457.91	3.00
458.27	1.00
458.63	7.00
459.00	5.00
459.36	5.00
459.72	4.00
460.08	6.00
460.45	12.00
460.81	-3.00
461.17	6.00
461.53	5.00
461.89	8.00
462.26	10.00
462.62	8.00
462.98	11.00
463.34	-2.00
463.70	11.00
464.06	1.00
464.43	8.00
464.79	17.00
465.15	12.00
465.51	5.00
465.87	17.00
466.23	16.00
466.60	18.00
466.96	8.00
467.32	21.00
467.68	19.00
468.04	9.00
468.40	24.00
468.77	18.00
469.13	22.00
469.49	28.00
469.85	34.00
470.21	22.00
470.57	28.00
470.93	28.00
471.29	28.00
471.65	31.00
472.02	33.00
472.38	44.00
472.74	47.00
473.10	47.00
473.46	42.00
473.82	50.00
474.18	51.00
474.54	47.00
474.90	61.00
475.26	60.00
475.62	72.00
475.98	70.00
476.35	69.00
476.71	65.00
477.07	75.00
477.43	80.00
477.79	84.00
478.15	90.00
478.51	88.00
478.87	101.00
479.23	100.00
479.59	105.00
479.95	109.00
480.31	110.00
480.67	118.00
481.03	130.00
481.39	124.00
481.75	141.00
482.11	142.00
482.47	153.00
482.83	152.00
483.19	158.00
483.55	164.00
483.91	179.00
484.27	163.00
484.63	172.00
484.99	178.00
485.35	191.00
485.71	195.00
486.07	193.00
486.43	200.00
486.79	207.00
487.15	219.00
487.51	216.00
487.87	218.00
488.23	239.00
488.59	247.00
488.95	244.00
489.31	259.00
489.66	254.00
490.02	244.00
490.38	261.00
490.74	274.00
491.10	269.00
491.46	276.00
491.82	280.00
492.18	305.00
492.54	299.00
492.90	295.00
493.26	299.00
493.61	324.00
493.97	326.00
494.33	332.00
494.69	357.00
495.05	350.00
495.41	353.00
495.77	368.00
496.13	385.00
496.49	391.00
496.84	380.00
497.20	388.00
497.56	415.00
497.92	425.00
498.28	454.00
498.64	440.00
499.00	451.00
499.35	490.00
499.71	469.00
500.07	493.00
500.43	498.00
500.79	506.00
501.14	529.00
501.50	553.00
501.86	563.00
502.22	560.00
502.58	587.00
502.94	571.00
503.29	578.00
503.65	608.00
504.01	609.00
504.37	643.00
504.73	644.00
505.08	640.00
505.44	667.00
505.80	692.00
506.16	693.00
506.51	706.00
506.87	698.00
507.23	713.00
507.59	726.00
507.94	730.00
508.30	738.00
508.66	767.00
509.02	799.00
509.37	805.00
509.73	831.00
510.09	841.00
510.45	843.00
510.80	853.00
511.16	847.00
511.52	877.00
511.87	885.00
512.23	906.00
512.59	926.00
512.95	898.00
513.30	900.00
513.66	943.00
514.02	920.00
514.37	908.00
514.73	902.00
515.09	896.00
515.44	896.00
515.80	886.00
516.16	916.00
516.51	950.00
516.87	946.00
517.23	924.00
517.58	907.00
517.94	940.00
518.30	929.00
518.65	917.00
519.01	884.00
519.37	880.00
519.72	883.00
520.08	895.00
520.43	870.00
520.79	903.00
521.15	933.00
521.50	883.00
521.86	921.00
522.22	878.00
522.57	866.00
522.93	849.00
523.28	886.00
523.64	924.00
524.00	887.00
524.35	889.00
524.71	879.00
525.06	936.00
525.42	874.00
525.77	841.00
526.13	855.00
526.49	845.00
526.84	854.00
527.20	861.00
527.55	852.00
527.91	855.00
528.26	871.00
528.62	837.00
528.97	809.00
529.33	765.00
529.68	820.00
530.04	803.00
530.40	837.00
530.75	830.00
531.11	762.00
531.46	803.00
531.82	817.00
532.17	786.00
532.53	774.00
532.88	755.00
533.24	718.00
533.59	762.00
533.95	758.00
534.30	717.00
534.65	756.00
535.01	750.00
535.36	765.00
535.72	736.00
536.07	710.00
536.43	695.00
536.78	663.00
537.14	664.00
537.49	659.00
537.85	645.00
538.20	662.00
538.55	695.00
538.91	637.00
539.26	688.00
539.62	724.00
539.97	690.00
540.33	663.00
540.68	676.00
541.03	661.00
541.39	662.00
541.74	673.00
542.10	659.00
542.45	657.00
542.80	660.00
543.16	623.00
543.51	612.00
543.87	614.00
544.22	629.00
544.57	594.00
544.93	605.00
545.28	629.00
545.63	596.00
545.99	618.00
546.34	612.00
546.69	614.00
547.05	600.00
547.40	614.00
547.75	596.00
548.11	590.00
548.46	559.00
548.81	545.00
549.17	546.00
549.52	561.00
549.87	578.00
550.23	542.00
550.58	522.00
550.93	523.00
551.29	525.00
551.64	490.00
551.99	482.00
552.35	498.00
552.70	516.00
553.05	456.00
553.40	480.00
553.76	462.00
554.11	449.00
554.46	446.00
554.81	438.00
555.17	427.00
555.52	413.00
555.87	405.00
556.22	367.00
556.58	382.00
556.93	388.00
557.28	353.00
557.63	363.00
557.99	353.00
558.34	353.00
558.69	347.00
559.04	341.00
559.39	317.00
559.75	321.00
560.10	307.00
560.45	290.00
560.80	308.00
561.15	294.00
561.51	287.00
561.86	276.00
562.21	274.00
562.56	263.00
562.91	259.00
563.27	243.00
563.62	252.00
563.97	247.00
564.32	237.00
564.67	241.00
565.02	226.00
565.37	232.00
565.73	231.00
566.08	215.00
566.43	205.00
566.78	200.00
567.13	207.00
567.48	200.00
567.83	199.00
568.18	174.00
568.54	164.00
568.89	162.00
569.24	151.00
569.59	155.00
569.94	146.00
570.29	145.00
570.64	145.00
570.99	152.00
571.34	158.00
571.69	147.00
572.04	135.00
572.39	141.00
572.75	140.00
573.10	122.00
573.45	118.00
573.80	112.00
574.15	114.00
574.50	105.00
574.85	106.00
575.20	106.00
575.55	99.00
575.90	102.00
576.25	102.00
576.60	99.00
576.95	91.00
577.30	82.00
577.65	77.00
578.00	78.00
578.35	72.00
578.70	75.00
579.05	64.00
579.40	72.00
579.75	68.00
580.10	67.00
580.45	62.00
580.80	62.00
581.15	61.00
581.50	73.00
581.85	63.00
582.20	51.00
582.55	58.00
582.90	53.00
583.25	54.00
583.59	57.00
583.94	46.00
584.29	53.00
584.64	50.00
584.99	45.00
585.34	44.00
585.69	42.00
586.04	38.00
586.39	43.00
586.74	32.00
587.09	47.00
587.43	38.00
587.78	30.00
588.13	27.00
588.48	24.00
588.83	33.00
589.18	25.00
589.53	27.00
589.88	35.00
590.22	27.00
590.57	25.00
590.92	29.00
591.27	34.00
591.62	31.00
591.97	24.00
592.32	25.00
592.66	17.00
593.01	33.00
593.36	25.00
593.71	23.00
594.06	25.00
594.40	21.00
594.75	21.00
595.10	35.00
595.45	19.00
595.80	23.00
596.14	18.00
596.49	15.00
596.84	20.00
597.19	20.00
597.54	17.00
597.88	13.00
598.23	8.00
598.58	11.00
598.93	14.00
599.27	12.00
599.62	17.00
599.97	16.00
600.32	15.00
600.66	12.00
601.01	10.00
601.36	4.00
601.71	8.00
602.05	19.00
602.40	10.00
602.75	15.00
603.09	13.00
603.44	14.00
603.79	6.00
604.14	8.00
604.48	9.00
604.83	1.00
605.18	4.00
605.52	12.00
605.87	6.00
606.22	13.00
606.56	9.00
606.91	6.00
607.26	1.00
607.60	1.00
607.95	8.00
608.30	10.00
608.64	10.00
608.99	-1.00
609.33	0.00
609.68	1.00
610.03	2.00
610.37	6.00
610.72	9.00
611.07	8.00
611.41	-5.00
611.76	3.00
612.10	7.00
612.45	-3.00
612.80	4.00
613.14	-2.00
613.49	4.00
613.83	11.00
614.18	1.00
614.52	-3.00
614.87	0.00
615.22	5.00
615.56	0.00
615.91	-2.00
616.25	-6.00
616.60	1.00
616.94	4.00
617.29	5.00
617.63	-4.00
617.98	-3.00
618.32	-1.00
618.67	1.00
619.02	1.00
619.36	0.00
619.71	1.00
620.05	-2.00
620.40	5.00
620.74	6.00
621.09	-1.00
621.43	-4.00
621.78	2.00
622.12	9.00
622.46	1.00
622.81	-1.00
623.15	6.00
623.50	8.00
623.84	5.00
624.19	4.00
624.53	0.00
624.88	0.00
625.22	-1.00
625.57	0.00
625.91	-4.00
626.25	-4.00
626.60	5.00
626.94	0.00
627.29	0.00
627.63	8.00
627.97	1.00
628.32	1.00
628.66	-2.00
629.01	1.00
629.35	-1.00
629.69	-9.00
630.04	4.00
630.38	-1.00
630.73	-1.00
631.07	-13.00
631.41	-3.00
631.76	0.00
632.10	3.00
632.44	1.00
632.79	-5.00
633.13	0.00
633.47	-1.00
633.82	-2.00
634.16	-7.00
634.50	1.00
634.85	3.00
635.19	3.00
635.53	3.00
635.88	-3.00
636.22	-4.00
636.56	-2.00
636.91	2.00
637.25	2.00
637.59	3.00
637.93	5.00
638.28	0.00
638.62	1.00
638.96	3.00
639.30	4.00
639.65	-7.00
639.99	-3.00
640.33	3.00
640.67	9.00
641.02	-5.00
641.36	-5.00
641.70	-5.00
642.04	-1.00
642.39	-3.00
642.73	-2.00
643.07	3.00
643.41	2.00
643.75	-1.00
644.10	4.00
644.44	2.00
644.78	0.00
645.12	-5.00
645.46	2.00
645.81	-2.00
646.15	-5.00
646.49	-4.00
646.83	-2.00
647.17	1.00
647.51	4.00
647.86	3.00
648.20	-1.00
648.54	-2.00
648.88	-5.00
649.22	2.00
649.56	6.00
649.90	2.00
650.25	0.00
650.59	0.00
650.93	0.00
651.27	0.00
651.61	1.00
651.95	2.00
652.29	0.00
652.63	-2.00
652.97	-3.00
653.32	-2.00
653.66	-2.00
654.00	1.00
654.34	-3.00
654.68	2.00
655.02	-3.00
655.36	2.00
655.70	0.00
656.04	0.00
656.38	-5.00
656.72	6.00
657.06	-1.00
657.40	-8.00
657.74	0.00
658.08	2.00
658.42	1.00
658.76	-5.00
659.10	-7.00
659.44	0.00
659.78	2.00
660.12	-3.00
660.46	3.00
660.80	-5.00
661.14	1.00
661.48	-2.00
661.82	-3.00
662.16	-4.00
662.50	-5.00
662.84	-6.00
663.18	0.00
663.52	0.00
663.86	-2.00
664.20	-1.00
664.54	0.00
664.88	2.00
665.22	-2.00
665.56	0.00
665.90	-2.00
666.23	-3.00
666.57	-2.00
666.91	2.00
667.25	2.00
667.59	-4.00
667.93	6.00
668.27	3.00
668.61	-2.00
668.95	-4.00
669.28	-5.00
669.62	1.00
669.96	1.00
670.30	-1.00
670.64	-4.00
670.98	3.00
671.32	1.00
671.65	0.00
671.99	-1.00
672.33	5.00
672.67	5.00
673.01	1.00
673.35	-5.00
673.68	-3.00
674.02	5.00
674.36	-3.00
674.70	-3.00
675.04	0.00
675.37	-6.00
675.71	2.00
676.05	-4.00
676.39	6.00
676.73	5.00
677.06	0.00
677.40	-5.00
677.74	-2.00
678.08	1.00
678.41	-1.00
678.75	1.00
679.09	2.00
679.43	-15.00
679.76	-3.00
680.10	6.00
680.44	-1.00
680.78	0.00
681.11	5.00
681.45	-1.00
681.79	-1.00
682.12	-2.00
682.46	0.00
682.80	-3.00
683.13	-1.00
683.47	2.00
683.81	-5.00
684.14	1.00
684.48	1.00
684.82	-1.00
685.15	2.00
685.49	-2.00
685.83	-2.00
686.16	-2.00
686.50	-2.00
686.84	1.00
687.17	-5.00
687.51	6.00
687.85	-3.00
688.18	0.00
688.52	-2.00
688.85	-2.00
689.19	-1.00
689.53	3.00
689.86	-4.00
690.20	-4.00
690.53	3.00
690.87	5.00
691.21	-9.00
691.54	2.00
691.88	4.00
692.21	-9.00
692.55	4.00
692.88	-4.00
693.22	-5.00
693.55	1.00
693.89	5.00
694.23	3.00
694.56	0.00
694.90	1.00
695.23	1.00
695.57	1.00
695.90	-3.00
696.24	0.00
696.57	0.00
696.91	4.00
697.24	2.00
697.58	-3.00
697.91	3.00
698.25	6.00
698.58	1.00
698.92	-3.00
699.25	1.00
699.58	-1.00
699.92	3.00
700.25	5.00
700.59	3.00
700.92	-4.00
701.26	-2.00
701.59	-3.00
701.93	-1.00
702.26	-3.00
702.59	-6.00
702.93	3.00
703.26	-2.00
703.60	3.00
703.93	2.00
704.26	-1.00
704.60	6.00
704.93	4.00
705.27	-7.00
705.60	-2.00
705.93	-5.00
706.27	5.00
706.60	9.00
706.93	4.00
707.27	5.00
707.60	4.00
707.93	-4.00
708.27	5.00
708.60	2.00
708.93	-1.00
709.27	2.00
709.60	3.00
709.93	1.00
710.27	-1.00
710.60	-7.00
710.93	1.00
711.27	-6.00
711.60	1.00
711.93	-4.00
712.26	4.00
712.60	0.00
712.93	1.00
713.26	0.00
713.60	0.00
713.93	-1.00
714.26	-3.00
714.59	-3.00
714.93	-7.00
715.26	-8.00
715.59	-4.00
715.92	0.00
716.26	4.00
716.59	0.00
716.92	5.00
717.25	3.00
717.58	13.00
717.92	12.00
718.25	2.00
718.58	-3.00
718.91	4.00
719.24	1.00
719.57	0.00
719.91	-3.00
720.24	-1.00
720.57	1.00
720.90	7.00
721.23	-4.00
721.56	-3.00
721.90	1.00
722.23	-4.00
722.56	1.00
722.89	-2.00
723.22	-3.00
723.55	-2.00
723.88	-2.00
724.21	7.00
724.55	-1.00
724.88	-2.00
725.21	3.00
725.54	-1.00
725.87	0.00
726.20	-8.00
726.53	-5.00
726.86	0.00
727.19	-3.00
727.52	1.00
727.85	-1.00
728.18	2.00
728.51	-2.00
728.84	-1.00
729.17	7.00
729.51	7.00
729.84	5.00
730.17	-2.00
730.50	-1.00
730.83	1.00
731.16	1.00
731.49	5.00
731.82	7.00
732.15	2.00
732.48	2.00
732.81	1.00
733.14	7.00
733.47	8.00
733.79	6.00
734.12	5.00
734.45	2.00
734.78	1.00
735.11	6.00
735.44	10.00
735.77	10.00
736.10	3.00
736.43	-9.00
736.76	9.00
737.09	6.00
737.42	7.00
737.75	7.00
738.08	4.00
738.41	12.00
738.73	15.00
739.06	10.00
739.39	14.00
739.72	8.00
740.05	4.00
740.38	12.00
740.71	6.00
741.04	16.00
741.36	22.00
741.69	16.00
742.02	23.00
742.35	16.00
742.68	16.00
743.01	22.00
743.33	18.00
743.66	33.00
743.99	24.00
744.32	34.00
744.65	24.00
744.97	29.00
745.30	24.00
745.63	33.00
745.96	28.00
746.29	30.00
746.61	38.00
746.94	44.00
747.27	35.00
747.60	40.00
747.92	49.00
748.25	38.00
748.58	54.00
748.91	59.00
749.23	56.00
749.56	53.00
749.89	64.00
750.22	66.00
750.54	70.00
750.87	69.00
751.20	74.00
751.52	78.00
751.85	82.00
752.18	78.00
752.51	77.00
752.83	76.00
753.16	94.00
753.49	100.00
753.81	95.00
754.14	92.00
754.47	92.00
754.79	108.00
755.12	102.00
755.44	109.00
755.77	124.00
756.10	127.00
756.42	133.00
756.75	150.00
757.08	152.00
757.40	154.00
757.73	160.00
758.05	159.00
758.38	149.00
758.71	162.00
759.03	162.00
759.36	162.00
759.68	152.00
760.01	179.00
760.33	180.00
760.66	198.00
760.99	194.00
761.31	189.00
761.64	197.00
761.96	202.00
762.29	194.00
762.61	220.00
762.94	236.00
763.26	229.00
763.59	229.00
763.91	228.00
764.24	233.00
764.56	230.00
764.89	238.00
765.21	249.00
765.54	254.00
765.86	267.00
766.19	282.00
766.51	287.00
766.84	286.00
767.16	292.00
767.49	307.00
767.81	306.00
768.14	320.00
768.46	337.00
768.78	360.00
769.11	377.00
769.43	344.00
769.76	334.00
770.08	324.00
770.40	351.00
770.73	391.00
771.05	380.00
771.38	382.00
771.70	364.00
772.02	352.00
772.35	351.00
772.67	407.00
773.00	449.00
773.32	436.00
773.64	433.00
773.97	433.00
774.29	453.00
774.61	435.00
774.94	411.00
775.26	386.00
775.58	382.00
775.91	411.00
776.23	442.00
776.55	432.00
776.88	419.00
777.20	397.00
777.52	406.00
777.84	447.00
778.17	426.00
778.49	420.00
778.81	437.00
779.14	434.00
779.46	451.00
779.78	455.00
780.10	439.00
780.43	438.00
780.75	468.00
781.07	492.00
781.39	493.00
781.72	508.00
782.04	494.00
782.36	469.00
782.68	468.00
783.00	528.00
783.33	524.00
783.65	491.00
783.97	519.00
784.29	585.00
784.61	561.00
784.94	530.00
785.26	549.00
785.58	510.00
785.90	501.00
786.22	490.00
786.54	539.00
786.86	550.00
787.19	608.00
787.51	597.00
787.83	580.00
788.15	559.00
788.47	597.00
788.79	617.00
789.11	629.00
789.43	631.00
789.76	659.00
790.08	638.00
790.40	697.00
790.72	688.00
791.04	637.00
791.36	629.00
791.68	604.00
792.00	536.00
792.32	533.00
792.64	543.00
792.96	534.00
793.28	534.00
793.60	585.00
793.92	633.00
794.24	646.00
794.56	631.00
794.88	671.00
795.20	684.00
795.52	684.00
795.84	648.00
796.16	612.00
796.48	603.00
796.80	635.00
797.12	614.00
797.44	556.00
797.76	557.00
798.08	592.00
798.40	630.00
798.72	610.00
799.04	620.00
799.36	602.00
799.68	620.00
800.00	654.00
800.32	655.00
800.64	649.00
800.96	694.00
801.28	744.00
801.60	730.00
801.91	699.00
802.23	685.00
802.55	678.00
802.87	657.00
803.19	637.00
803.51	591.00
803.83	579.00
804.15	586.00
804.46	602.00
804.78	580.00
805.10	594.00
805.42	613.00
805.74	668.00
806.06	771.00
806.37	862.00
806.69	826.00
807.01	746.00
807.33	670.00
807.65	597.00
807.96	586.00
808.28	612.00
808.60	622.00
808.92	596.00
809.24	626.00
809.55	610.00
809.87	602.00
810.19	592.00
810.51	611.00
810.82	654.00
811.14	657.00
811.46	649.00
811.78	643.00
812.09	622.00
812.41	589.00
812.73	617.00
813.05	629.00
813.36	612.00
813.68	632.00
814.00	608.00
814.31	621.00
814.63	653.00
814.95	607.00
815.26	565.00
815.58	516.00
815.90	525.00
816.21	567.00
816.53	560.00
816.85	538.00
817.16	548.00
817.48	522.00
817.80	563.00
818.11	615.00
818.43	651.00
818.74	640.00
819.06	613.00
819.38	568.00
819.69	534.00
820.01	576.00
820.32	619.00
820.64	627.00
820.96	625.00
821.27	627.00
821.59	613.00
821.90	624.00
822.22	570.00
822.53	552.00
822.85	554.00
823.16	515.00
823.48	481.00
823.80	496.00
824.11	457.00
824.43	469.00
824.74	449.00
825.06	410.00
825.37	383.00
825.69	427.00
826.00	432.00
826.32	435.00
826.63	441.00
826.94	416.00
827.26	442.00
827.57	453.00
827.89	468.00
828.20	499.00
828.52	516.00
828.83	498.00
829.15	495.00
829.46	502.00
829.78	505.00
830.09	471.00
830.40	513.00
830.72	486.00
831.03	491.00
831.35	497.00
831.66	448.00
831.97	442.00
832.29	450.00
832.60	416.00
832.91	411.00
833.23	429.00
833.54	417.00
833.86	459.00
834.17	404.00
834.48	431.00
834.80	410.00
835.11	394.00
835.42	420.00
835.74	432.00
836.05	404.00
836.36	394.00
836.67	366.00
836.99	358.00
837.30	367.00
837.61	397.00
837.93	392.00
838.24	377.00
838.55	366.00
838.86	361.00
839.18	367.00
839.49	377.00
839.80	405.00
840.11	398.00
840.43	367.00
840.74	360.00
841.05	341.00
841.36	344.00
841.68	344.00
841.99	366.00
842.30	355.00
842.61	411.00
842.92	441.00
843.24	439.00
843.55	422.00
843.86	379.00
844.17	376.00
844.48	395.00
844.79	428.00
845.11	412.00
845.42	384.00
845.73	383.00
846.04	390.00
846.35	386.00
846.66	355.00
846.97	343.00
847.29	352.00
847.60	365.00
847.91	373.00
848.22	424.00
848.53	417.00
848.84	392.00
849.15	364.00
849.46	349.00
849.77	340.00
850.08	355.00
850.39	350.00
850.70	333.00
851.01	302.00
851.32	304.00
851.64	312.00
851.95	323.00
852.26	317.00
852.57	331.00
852.88	323.00
853.19	317.00
853.50	313.00
853.81	330.00
854.12	322.00
854.43	341.00
854.74	355.00
855.05	387.00
855.36	365.00
855.67	354.00
855.97	326.00
856.28	311.00
856.59	296.00
856.90	295.00
857.21	282.00
857.52	290.00
857.83	282.00
858.14	307.00
858.45	270.00
858.76	273.00
859.07	309.00
859.38	329.00
859.69	331.00
859.99	339.00
860.30	322.00
860.61	283.00
860.92	277.00
861.23	284.00
861.54	296.00
861.85	304.00
862.15	315.00
862.46	329.00
862.77	344.00
863.08	332.00
863.39	341.00
863.70	330.00
864.00	322.00
864.31	302.00
864.62	319.00
864.93	296.00
865.24	285.00
865.54	283.00
865.85	283.00
866.16	288.00
866.47	283.00
866.77	319.00
867.08	316.00
867.39	335.00
867.70	317.00
868.00	290.00
868.31	265.00
868.62	244.00
868.93	229.00
869.23	221.00
869.54	222.00
869.85	218.00
870.15	225.00
870.46	251.00
870.77	236.00
871.07	265.00
871.38	266.00
871.69	267.00
871.99	271.00
872.30	251.00
872.61	242.00
872.91	246.00
873.22	268.00
873.53	237.00
873.83	216.00
874.14	213.00
874.45	206.00
874.75	210.00
875.06	210.00
875.36	194.00
875.67	190.00
875.98	195.00
876.28	217.00
876.59	224.00
876.89	227.00
877.20	242.00
877.50	247.00
877.81	243.00
878.12	255.00
878.42	264.00
878.73	266.00
879.03	234.00
879.34	209.00
879.64	211.00
879.95	199.00
880.25	195.00
880.56	202.00
880.86	202.00
881.17	199.00
881.47	200.00
881.78	195.00
882.08	195.00
882.39	198.00
882.69	204.00
883.00	224.00
883.30	219.00
883.60	222.00
883.91	232.00
884.21	227.00
884.52	221.00
884.82	242.00
885.13	240.00
885.43	226.00
885.73	201.00
886.04	186.00
886.34	166.00
886.65	167.00
886.95	189.00
887.25	189.00
887.56	187.00
887.86	207.00
888.16	208.00
888.47	221.00
888.77	212.00
889.07	212.00
889.38	207.00
889.68	197.00
889.98	184.00
890.29	175.00
890.59	175.00
890.89	205.00
891.20	222.00
891.50	182.00
891.80	169.00
892.10	189.00
892.41	210.00
892.71	201.00
893.01	185.00
893.32	161.00
893.62	155.00
893.92	154.00
894.22	154.00
894.52	165.00
894.83	177.00
895.13	180.00
895.43	198.00
895.73	195.00
896.04	192.00
896.34	174.00
896.64	181.00
896.94	189.00
897.24	177.00
897.54	176.00
897.85	180.00
898.15	156.00
898.45	161.00
898.75	156.00
899.05	165.00
899.35	165.00
899.66	158.00
899.96	142.00
900.26	144.00
900.56	148.00
900.86	164.00
901.16	138.00
901.46	142.00
901.76	156.00
902.06	163.00
902.36	184.00
902.67	170.00
902.97	162.00
903.27	167.00
903.57	145.00
903.87	132.00
904.17	143.00
904.47	129.00
904.77	119.00
905.07	125.00
905.37	142.00
905.67	141.00
905.97	153.00
906.27	166.00
906.57	163.00
906.87	159.00
907.17	177.00
907.47	166.00
907.77	151.00
908.07	163.00
908.37	141.00
908.67	144.00
908.97	148.00
909.27	155.00
909.57	148.00
909.87	158.00
910.16	164.00
910.46	164.00
910.76	165.00
911.06	155.00
911.36	139.00
911.66	143.00
911.96	131.00
912.26	138.00
912.56	144.00
912.86	150.00
913.15	137.00
913.45	143.00
913.75	147.00
914.05	148.00
914.35	146.00
914.65	132.00
914.94	130.00
915.24	123.00
915.54	123.00
915.84	123.00
916.14	133.00
916.43	122.00
916.73	123.00
917.03	119.00
917.33	122.00
917.63	123.00
917.92	123.00
918.22	113.00
918.52	105.00
918.82	106.00
919.11	109.00
919.41	112.00
919.71	105.00
920.01	111.00
920.30	95.00
920.60	105.00
920.90	99.00
921.19	105.00
921.49	96.00
921.79	91.00
922.09	89.00
922.38	104.00
922.68	104.00
922.98	106.00
923.27	96.00
923.57	93.00
923.86	96.00
924.16	95.00
924.46	98.00
924.75	95.00
925.05	84.00
925.35	74.00
925.64	65.00
925.94	79.00
926.23	87.00
926.53	82.00
926.83	95.00
927.12	84.00
927.42	86.00
927.71	77.00
928.01	83.00
928.30	84.00
928.60	79.00
928.90	71.00
929.19	62.00
929.49	66.00
929.78	59.00
930.08	60.00
930.37	72.00
930.67	70.00
930.96	67.00
931.26	78.00
931.55	85.00
931.85	93.00
932.14	80.00
932.44	82.00
932.73	75.00
933.03	68.00
933.32	74.00
933.61	58.00
933.91	60.00
934.20	65.00
934.50	63.00
934.79	66.00
935.09	72.00
935.38	81.00
935.67	74.00
935.97	67.00
936.26	60.00
936.56	51.00
936.85	51.00
937.14	46.00
937.44	48.00
937.73	45.00
938.02	37.00
938.32	43.00
938.61	36.00
938.90	38.00
939.20	40.00
939.49	47.00
939.78	46.00
940.08	58.00
940.37	48.00
940.66	41.00
940.96	36.00
941.25	36.00
941.54	32.00
941.83	26.00
942.13	30.00
942.42	26.00
942.71	31.00
943.00	35.00
943.30	40.00
943.59	30.00
943.88	29.00
944.17	24.00
944.47	34.00
944.76	35.00
945.05	32.00
945.34	25.00
945.63	22.00
945.93	19.00
946.22	20.00
946.51	30.00
946.80	29.00
947.09	35.00
947.38	30.00
947.68	31.00
947.97	32.00
948.26	30.00
948.55	36.00
948.84	26.00
949.13	28.00
949.42	29.00
949.71	22.00
950.01	21.00
950.30	33.00
950.59	32.00
950.88	37.00
951.17	32.00
951.46	41.00
951.75	32.00
952.04	26.00
952.33	31.00
952.62	29.00
952.91	24.00
953.20	30.00
953.49	27.00
953.78	31.00
954.07	28.00
954.36	27.00
954.65	29.00
954.94	26.00
955.23	27.00
955.52	25.00
955.81	26.00
956.10	25.00
956.39	25.00
956.68	29.00
956.97	31.00
957.26	34.00
957.55	40.00
957.84	36.00
958.13	28.00
958.42	37.00
958.71	36.00
959.00	40.00
959.28	35.00
959.57	33.00
959.86	35.00
960.15	36.00
960.44	34.00
960.73	29.00
961.02	27.00
961.31	17.00
961.59	23.00
961.88	26.00
962.17	26.00
962.46	27.00
962.75	34.00
963.04	30.00
963.32	28.00
963.61	29.00
963.90	24.00
964.19	21.00
964.48	22.00
964.76	19.00
965.05	22.00
965.34	22.00
965.63	24.00
965.91	25.00
966.20	24.00
966.49	18.00
966.78	23.00
967.06	16.00
967.35	17.00
967.64	19.00
967.92	29.00
968.21	25.00
968.50	13.00
968.79	19.00
969.07	18.00
969.36	15.00
969.65	10.00
969.93	20.00
970.22	14.00
970.51	16.00
970.79	18.00
971.08	19.00
971.36	22.00
971.65	12.00
971.94	19.00
972.22	15.00
972.51	11.00
972.80	15.00
973.08	9.00
973.37	16.00
973.65	11.00
973.94	23.00
974.22	17.00
974.51	18.00
974.80	17.00
975.08	14.00
975.37	11.00
975.65	12.00
975.94	3.00
976.22	13.00
976.51	9.00
976.79	14.00
977.08	10.00
977.36	16.00
977.65	12.00
977.93	14.00
978.22	17.00
978.50	18.00
978.79	13.00
979.07	15.00
979.36	22.00
979.64	15.00
979.92	15.00
980.21	13.00
980.49	12.00
980.78	20.00
981.06	13.00
981.35	8.00
981.63	14.00
981.91	13.00
982.20	11.00
982.48	5.00
982.76	8.00
983.05	11.00
983.33	20.00
983.62	5.00
983.90	10.00
984.18	3.00
984.47	9.00
984.75	11.00
985.03	10.00
985.32	17.00
985.60	12.00
985.88	10.00
986.16	10.00
986.45	10.00
986.73	10.00
987.01	-1.00
987.30	2.00
987.58	10.00
987.86	9.00
988.14	10.00
988.43	10.00
988.71	10.00
988.99	7.00
989.27	9.00
989.56	6.00
989.84	7.00
990.12	3.00
990.40	10.00
990.68	11.00
990.97	6.00
991.25	1.00
991.53	6.00
991.81	9.00
992.09	5.00
992.37	12.00
992.65	14.00
992.94	5.00
993.22	11.00
993.50	10.00
993.78	1.00
994.06	4.00
994.34	-1.00
994.62	4.00
994.90	11.00
995.19	2.00
995.47	8.00
995.75	7.00
996.03	10.00
996.31	6.00
996.59	0.00
996.87	12.00
997.15	4.00
997.43	-1.00
997.71	4.00
997.99	7.00
998.27	7.00
998.55	14.00
998.83	15.00
999.11	3.00
999.39	3.00
999.67	4.00
999.95	5.00
1000.23	6.00
1000.51	1.00
1000.79	8.00
1001.07	2.00
1001.35	-2.00
1001.63	0.00
1001.91	2.00
1002.19	6.00
1002.46	1.00
1002.74	10.00
1003.02	6.00
1003.30	7.00
1003.58	7.00
1003.86	5.00
1004.14	2.00
1004.42	15.00
1004.70	12.00
1004.97	8.00
1005.25	9.00
1005.53	5.00
1005.81	10.00
1006.09	7.00
1006.37	4.00
1006.64	5.00
1006.92	5.00
1007.20	8.00
1007.48	9.00
1007.76	1.00
1008.03	1.00
1008.31	1.00
1008.59	1.00
1008.87	-4.00
1009.15	4.00
1009.42	0.00
1009.70	0.00
1009.98	11.00
1010.25	4.00
1010.53	1.00
1010.81	2.00
1011.09	-2.00
1011.36	11.00
1011.64	-2.00
1011.92	0.00
1012.19	8.00
1012.47	9.00
1012.75	1.00
1013.02	5.00
1013.30	5.00
1013.58	1.00
1013.85	3.00
1014.13	5.00
1014.41	3.00
1014.68	-2.00
1014.96	-1.00
1015.24	4.00
1015.51	1.00
1015.79	4.00
1016.06	2.00
1016.34	4.00
1016.61	-1.00
1016.89	-5.00
1017.17	5.00
